*Vertices 418
*Edges
1 373
2 3
2 4
4 405
5 374
6 375
7 14
7 163
8 9
8 68
9 10
9 11
9 12
9 68
10 68
11 68
12 68
13 144
13 163
13 193
13 388
14 163
14 405
15 44
15 163
16 163
16 167
17 163
17 167
18 68
18 163
18 409
18 417
19 163
19 387
20 68
20 163
20 167
20 193
20 403
21 163
22 163
22 234
22 331
22 408
23 163
23 193
23 392
24 68
24 163
24 167
24 393
25 68
25 163
26 163
26 167
26 388
27 163
28 163
29 163
29 167
29 193
29 403
30 68
30 163
30 167
30 370
31 80
31 163
31 193
31 234
31 331
31 408
32 37
33 37
34 37
35 37
36 37
37 38
38 193
39 376
40 41
42 324
43 324
45 377
46 377
47 378
48 65
48 68
48 193
49 65
49 68
50 379
51 129
51 379
52 53
52 54
52 55
52 56
52 57
52 58
52 59
52 60
52 61
52 405
55 312
56 312
57 154
59 312
60 154
61 312
62 68
62 144
62 167
62 405
63 68
63 370
63 405
64 68
64 167
65 68
65 126
65 167
65 403
66 68
66 80
67 68
68 69
68 70
68 71
68 72
68 73
68 74
68 75
68 76
68 77
68 78
68 79
68 80
68 81
68 82
68 83
68 84
68 85
68 86
68 87
68 88
68 89
68 90
68 91
68 92
68 93
68 94
68 95
68 96
68 97
68 98
68 99
68 100
68 101
68 102
68 103
68 104
68 105
68 106
68 107
68 108
68 109
68 110
68 111
68 112
68 113
68 114
68 115
68 116
68 117
68 118
68 119
68 120
68 121
68 122
71 167
71 403
71 417
72 381
72 382
73 136
74 384
76 195
76 387
77 126
77 151
77 152
77 153
77 154
77 155
77 156
77 157
77 195
78 79
80 147
80 177
80 178
80 179
80 180
80 181
80 182
81 389
81 408
82 102
82 389
85 186
85 187
85 409
86 393
87 393
88 393
89 394
90 394
92 397
93 97
94 98
95 97
96 97
97 231
97 232
97 400
99 103
99 400
100 101
103 104
103 251
105 381
105 382
107 381
108 370
108 405
109 388
109 400
110 285
111 285
112 312
112 314
112 315
112 316
112 317
112 318
112 319
112 320
112 321
112 322
112 323
112 381
112 383
115 167
115 193
115 230
115 410
117 381
117 382
119 381
120 412
122 415
123 124
123 195
124 195
125 380
126 154
126 198
126 199
126 200
126 201
126 380
127 128
129 130
129 131
129 132
129 133
134 381
135 370
135 383
137 193
137 195
137 224
137 385
137 386
138 193
138 195
138 224
138 385
139 140
139 141
139 142
142 346
143 387
144 387
145 387
146 147
148 325
148 409
149 193
149 325
149 409
150 167
150 193
150 325
152 154
153 154
154 155
154 156
154 157
154 158
154 159
154 160
154 161
154 162
163 167
164 167
165 167
165 403
166 167
166 403
167 168
167 169
167 170
167 171
167 172
168 403
168 417
169 193
169 403
170 193
170 403
172 403
173 370
173 388
173 403
173 405
174 388
175 388
176 388
183 390
184 185
185 224
185 277
185 391
186 193
186 409
187 247
187 248
187 409
188 394
189 190
191 193
191 260
191 405
192 193
193 194
193 195
193 196
193 197
197 406
197 409
198 404
198 405
199 224
199 405
201 224
202 395
202 409
203 204
205 396
206 398
207 208
207 209
207 210
207 211
207 212
207 213
207 214
207 215
207 216
207 217
207 218
219 224
220 224
221 224
222 224
223 224
224 225
224 226
224 227
224 228
229 230
233 234
233 331
234 235
234 236
234 408
235 331
235 408
236 331
236 408
237 240
237 241
238 240
239 240
240 241
241 242
241 243
242 277
244 399
245 400
246 401
249 402
250 402
252 403
253 333
253 403
254 283
254 405
255 260
255 405
256 405
257 405
258 260
259 260
261 370
262 264
263 264
264 265
264 266
267 277
268 277
269 277
270 277
271 277
272 277
273 277
274 277
275 277
276 277
277 278
277 279
277 280
277 281
282 407
283 284
286 408
287 408
288 408
289 408
290 408
291 408
292 293
294 312
295 312
296 312
297 312
298 312
299 312
300 312
301 312
302 312
303 312
304 312
305 312
306 312
307 312
308 312
309 312
310 312
311 312
312 313
324 409
325 409
326 409
327 409
328 329
328 409
330 331
331 332
334 411
335 339
336 339
336 345
337 339
337 345
338 339
340 345
341 345
342 345
343 345
344 345
346 413
347 414
348 349
350 370
351 370
352 370
353 370
354 370
355 370
356 370
357 370
358 370
359 370
360 370
361 370
362 370
363 370
364 370
365 370
366 370
367 370
368 370
369 370
371 416
372 418
