* Actors  2617 
* Number of Binary Attributes =  0 
* Number of Continuous Attributes =  0 
* Number of Categorical Attributes =  1 
Binary Attributes:
id
1  
2  
3  
4  
5  
6  
7  
8  
9  
10  
11  
12  
13  
14  
15  
16  
17  
18  
19  
20  
21  
22  
23  
24  
25  
26  
27  
28  
29  
30  
31  
32  
33  
34  
35  
36  
37  
38  
39  
40  
41  
42  
43  
44  
45  
46  
47  
48  
49  
50  
51  
52  
53  
54  
55  
56  
57  
58  
59  
60  
61  
62  
63  
64  
65  
66  
67  
68  
69  
70  
71  
72  
73  
74  
75  
76  
77  
78  
79  
80  
81  
82  
83  
84  
85  
86  
87  
88  
89  
90  
91  
92  
93  
94  
95  
96  
97  
98  
99  
100  
101  
102  
103  
104  
105  
106  
107  
108  
109  
110  
111  
112  
113  
114  
115  
116  
117  
118  
119  
120  
121  
122  
123  
124  
125  
126  
127  
128  
129  
130  
131  
132  
133  
134  
135  
136  
137  
138  
139  
140  
141  
142  
143  
144  
145  
146  
147  
148  
149  
150  
151  
152  
153  
154  
155  
156  
157  
158  
159  
160  
161  
162  
163  
164  
165  
166  
167  
168  
169  
170  
171  
172  
173  
174  
175  
176  
177  
178  
179  
180  
181  
182  
183  
184  
185  
186  
187  
188  
189  
190  
191  
192  
193  
194  
195  
196  
197  
198  
199  
200  
201  
202  
203  
204  
205  
206  
207  
208  
209  
210  
211  
212  
213  
214  
215  
216  
217  
218  
219  
220  
221  
222  
223  
224  
225  
226  
227  
228  
229  
230  
231  
232  
233  
234  
235  
236  
237  
238  
239  
240  
241  
242  
243  
244  
245  
246  
247  
248  
249  
250  
251  
252  
253  
254  
255  
256  
257  
258  
259  
260  
261  
262  
263  
264  
265  
266  
267  
268  
269  
270  
271  
272  
273  
274  
275  
276  
277  
278  
279  
280  
281  
282  
283  
284  
285  
286  
287  
288  
289  
290  
291  
292  
293  
294  
295  
296  
297  
298  
299  
300  
301  
302  
303  
304  
305  
306  
307  
308  
309  
310  
311  
312  
313  
314  
315  
316  
317  
318  
319  
320  
321  
322  
323  
324  
325  
326  
327  
328  
329  
330  
331  
332  
333  
334  
335  
336  
337  
338  
339  
340  
341  
342  
343  
344  
345  
346  
347  
348  
349  
350  
351  
352  
353  
354  
355  
356  
357  
358  
359  
360  
361  
362  
363  
364  
365  
366  
367  
368  
369  
370  
371  
372  
373  
374  
375  
376  
377  
378  
379  
380  
381  
382  
383  
384  
385  
386  
387  
388  
389  
390  
391  
392  
393  
394  
395  
396  
397  
398  
399  
400  
401  
402  
403  
404  
405  
406  
407  
408  
409  
410  
411  
412  
413  
414  
415  
416  
417  
418  
419  
420  
421  
422  
423  
424  
425  
426  
427  
428  
429  
430  
431  
432  
433  
434  
435  
436  
437  
438  
439  
440  
441  
442  
443  
444  
445  
446  
447  
448  
449  
450  
451  
452  
453  
454  
455  
456  
457  
458  
459  
460  
461  
462  
463  
464  
465  
466  
467  
468  
469  
470  
471  
472  
473  
474  
475  
476  
477  
478  
479  
480  
481  
482  
483  
484  
485  
486  
487  
488  
489  
490  
491  
492  
493  
494  
495  
496  
497  
498  
499  
500  
501  
502  
503  
504  
505  
506  
507  
508  
509  
510  
511  
512  
513  
514  
515  
516  
517  
518  
519  
520  
521  
522  
523  
524  
525  
526  
527  
528  
529  
530  
531  
532  
533  
534  
535  
536  
537  
538  
539  
540  
541  
542  
543  
544  
545  
546  
547  
548  
549  
550  
551  
552  
553  
554  
555  
556  
557  
558  
559  
560  
561  
562  
563  
564  
565  
566  
567  
568  
569  
570  
571  
572  
573  
574  
575  
576  
577  
578  
579  
580  
581  
582  
583  
584  
585  
586  
587  
588  
589  
590  
591  
592  
593  
594  
595  
596  
597  
598  
599  
600  
601  
602  
603  
604  
605  
606  
607  
608  
609  
610  
611  
612  
613  
614  
615  
616  
617  
618  
619  
620  
621  
622  
623  
624  
625  
626  
627  
628  
629  
630  
631  
632  
633  
634  
635  
636  
637  
638  
639  
640  
641  
642  
643  
644  
645  
646  
647  
648  
649  
650  
651  
652  
653  
654  
655  
656  
657  
658  
659  
660  
661  
662  
663  
664  
665  
666  
667  
668  
669  
670  
671  
672  
673  
674  
675  
676  
677  
678  
679  
680  
681  
682  
683  
684  
685  
686  
687  
688  
689  
690  
691  
692  
693  
694  
695  
696  
697  
698  
699  
700  
701  
702  
703  
704  
705  
706  
707  
708  
709  
710  
711  
712  
713  
714  
715  
716  
717  
718  
719  
720  
721  
722  
723  
724  
725  
726  
727  
728  
729  
730  
731  
732  
733  
734  
735  
736  
737  
738  
739  
740  
741  
742  
743  
744  
745  
746  
747  
748  
749  
750  
751  
752  
753  
754  
755  
756  
757  
758  
759  
760  
761  
762  
763  
764  
765  
766  
767  
768  
769  
770  
771  
772  
773  
774  
775  
776  
777  
778  
779  
780  
781  
782  
783  
784  
785  
786  
787  
788  
789  
790  
791  
792  
793  
794  
795  
796  
797  
798  
799  
800  
801  
802  
803  
804  
805  
806  
807  
808  
809  
810  
811  
812  
813  
814  
815  
816  
817  
818  
819  
820  
821  
822  
823  
824  
825  
826  
827  
828  
829  
830  
831  
832  
833  
834  
835  
836  
837  
838  
839  
840  
841  
842  
843  
844  
845  
846  
847  
848  
849  
850  
851  
852  
853  
854  
855  
856  
857  
858  
859  
860  
861  
862  
863  
864  
865  
866  
867  
868  
869  
870  
871  
872  
873  
874  
875  
876  
877  
878  
879  
880  
881  
882  
883  
884  
885  
886  
887  
888  
889  
890  
891  
892  
893  
894  
895  
896  
897  
898  
899  
900  
901  
902  
903  
904  
905  
906  
907  
908  
909  
910  
911  
912  
913  
914  
915  
916  
917  
918  
919  
920  
921  
922  
923  
924  
925  
926  
927  
928  
929  
930  
931  
932  
933  
934  
935  
936  
937  
938  
939  
940  
941  
942  
943  
944  
945  
946  
947  
948  
949  
950  
951  
952  
953  
954  
955  
956  
957  
958  
959  
960  
961  
962  
963  
964  
965  
966  
967  
968  
969  
970  
971  
972  
973  
974  
975  
976  
977  
978  
979  
980  
981  
982  
983  
984  
985  
986  
987  
988  
989  
990  
991  
992  
993  
994  
995  
996  
997  
998  
999  
1000  
1001  
1002  
1003  
1004  
1005  
1006  
1007  
1008  
1009  
1010  
1011  
1012  
1013  
1014  
1015  
1016  
1017  
1018  
1019  
1020  
1021  
1022  
1023  
1024  
1025  
1026  
1027  
1028  
1029  
1030  
1031  
1032  
1033  
1034  
1035  
1036  
1037  
1038  
1039  
1040  
1041  
1042  
1043  
1044  
1045  
1046  
1047  
1048  
1049  
1050  
1051  
1052  
1053  
1054  
1055  
1056  
1057  
1058  
1059  
1060  
1061  
1062  
1063  
1064  
1065  
1066  
1067  
1068  
1069  
1070  
1071  
1072  
1073  
1074  
1075  
1076  
1077  
1078  
1079  
1080  
1081  
1082  
1083  
1084  
1085  
1086  
1087  
1088  
1089  
1090  
1091  
1092  
1093  
1094  
1095  
1096  
1097  
1098  
1099  
1100  
1101  
1102  
1103  
1104  
1105  
1106  
1107  
1108  
1109  
1110  
1111  
1112  
1113  
1114  
1115  
1116  
1117  
1118  
1119  
1120  
1121  
1122  
1123  
1124  
1125  
1126  
1127  
1128  
1129  
1130  
1131  
1132  
1133  
1134  
1135  
1136  
1137  
1138  
1139  
1140  
1141  
1142  
1143  
1144  
1145  
1146  
1147  
1148  
1149  
1150  
1151  
1152  
1153  
1154  
1155  
1156  
1157  
1158  
1159  
1160  
1161  
1162  
1163  
1164  
1165  
1166  
1167  
1168  
1169  
1170  
1171  
1172  
1173  
1174  
1175  
1176  
1177  
1178  
1179  
1180  
1181  
1182  
1183  
1184  
1185  
1186  
1187  
1188  
1189  
1190  
1191  
1192  
1193  
1194  
1195  
1196  
1197  
1198  
1199  
1200  
1201  
1202  
1203  
1204  
1205  
1206  
1207  
1208  
1209  
1210  
1211  
1212  
1213  
1214  
1215  
1216  
1217  
1218  
1219  
1220  
1221  
1222  
1223  
1224  
1225  
1226  
1227  
1228  
1229  
1230  
1231  
1232  
1233  
1234  
1235  
1236  
1237  
1238  
1239  
1240  
1241  
1242  
1243  
1244  
1245  
1246  
1247  
1248  
1249  
1250  
1251  
1252  
1253  
1254  
1255  
1256  
1257  
1258  
1259  
1260  
1261  
1262  
1263  
1264  
1265  
1266  
1267  
1268  
1269  
1270  
1271  
1272  
1273  
1274  
1275  
1276  
1277  
1278  
1279  
1280  
1281  
1282  
1283  
1284  
1285  
1286  
1287  
1288  
1289  
1290  
1291  
1292  
1293  
1294  
1295  
1296  
1297  
1298  
1299  
1300  
1301  
1302  
1303  
1304  
1305  
1306  
1307  
1308  
1309  
1310  
1311  
1312  
1313  
1314  
1315  
1316  
1317  
1318  
1319  
1320  
1321  
1322  
1323  
1324  
1325  
1326  
1327  
1328  
1329  
1330  
1331  
1332  
1333  
1334  
1335  
1336  
1337  
1338  
1339  
1340  
1341  
1342  
1343  
1344  
1345  
1346  
1347  
1348  
1349  
1350  
1351  
1352  
1353  
1354  
1355  
1356  
1357  
1358  
1359  
1360  
1361  
1362  
1363  
1364  
1365  
1366  
1367  
1368  
1369  
1370  
1371  
1372  
1373  
1374  
1375  
1376  
1377  
1378  
1379  
1380  
1381  
1382  
1383  
1384  
1385  
1386  
1387  
1388  
1389  
1390  
1391  
1392  
1393  
1394  
1395  
1396  
1397  
1398  
1399  
1400  
1401  
1402  
1403  
1404  
1405  
1406  
1407  
1408  
1409  
1410  
1411  
1412  
1413  
1414  
1415  
1416  
1417  
1418  
1419  
1420  
1421  
1422  
1423  
1424  
1425  
1426  
1427  
1428  
1429  
1430  
1431  
1432  
1433  
1434  
1435  
1436  
1437  
1438  
1439  
1440  
1441  
1442  
1443  
1444  
1445  
1446  
1447  
1448  
1449  
1450  
1451  
1452  
1453  
1454  
1455  
1456  
1457  
1458  
1459  
1460  
1461  
1462  
1463  
1464  
1465  
1466  
1467  
1468  
1469  
1470  
1471  
1472  
1473  
1474  
1475  
1476  
1477  
1478  
1479  
1480  
1481  
1482  
1483  
1484  
1485  
1486  
1487  
1488  
1489  
1490  
1491  
1492  
1493  
1494  
1495  
1496  
1497  
1498  
1499  
1500  
1501  
1502  
1503  
1504  
1505  
1506  
1507  
1508  
1509  
1510  
1511  
1512  
1513  
1514  
1515  
1516  
1517  
1518  
1519  
1520  
1521  
1522  
1523  
1524  
1525  
1526  
1527  
1528  
1529  
1530  
1531  
1532  
1533  
1534  
1535  
1536  
1537  
1538  
1539  
1540  
1541  
1542  
1543  
1544  
1545  
1546  
1547  
1548  
1549  
1550  
1551  
1552  
1553  
1554  
1555  
1556  
1557  
1558  
1559  
1560  
1561  
1562  
1563  
1564  
1565  
1566  
1567  
1568  
1569  
1570  
1571  
1572  
1573  
1574  
1575  
1576  
1577  
1578  
1579  
1580  
1581  
1582  
1583  
1584  
1585  
1586  
1587  
1588  
1589  
1590  
1591  
1592  
1593  
1594  
1595  
1596  
1597  
1598  
1599  
1600  
1601  
1602  
1603  
1604  
1605  
1606  
1607  
1608  
1609  
1610  
1611  
1612  
1613  
1614  
1615  
1616  
1617  
1618  
1619  
1620  
1621  
1622  
1623  
1624  
1625  
1626  
1627  
1628  
1629  
1630  
1631  
1632  
1633  
1634  
1635  
1636  
1637  
1638  
1639  
1640  
1641  
1642  
1643  
1644  
1645  
1646  
1647  
1648  
1649  
1650  
1651  
1652  
1653  
1654  
1655  
1656  
1657  
1658  
1659  
1660  
1661  
1662  
1663  
1664  
1665  
1666  
1667  
1668  
1669  
1670  
1671  
1672  
1673  
1674  
1675  
1676  
1677  
1678  
1679  
1680  
1681  
1682  
1683  
1684  
1685  
1686  
1687  
1688  
1689  
1690  
1691  
1692  
1693  
1694  
1695  
1696  
1697  
1698  
1699  
1700  
1701  
1702  
1703  
1704  
1705  
1706  
1707  
1708  
1709  
1710  
1711  
1712  
1713  
1714  
1715  
1716  
1717  
1718  
1719  
1720  
1721  
1722  
1723  
1724  
1725  
1726  
1727  
1728  
1729  
1730  
1731  
1732  
1733  
1734  
1735  
1736  
1737  
1738  
1739  
1740  
1741  
1742  
1743  
1744  
1745  
1746  
1747  
1748  
1749  
1750  
1751  
1752  
1753  
1754  
1755  
1756  
1757  
1758  
1759  
1760  
1761  
1762  
1763  
1764  
1765  
1766  
1767  
1768  
1769  
1770  
1771  
1772  
1773  
1774  
1775  
1776  
1777  
1778  
1779  
1780  
1781  
1782  
1783  
1784  
1785  
1786  
1787  
1788  
1789  
1790  
1791  
1792  
1793  
1794  
1795  
1796  
1797  
1798  
1799  
1800  
1801  
1802  
1803  
1804  
1805  
1806  
1807  
1808  
1809  
1810  
1811  
1812  
1813  
1814  
1815  
1816  
1817  
1818  
1819  
1820  
1821  
1822  
1823  
1824  
1825  
1826  
1827  
1828  
1829  
1830  
1831  
1832  
1833  
1834  
1835  
1836  
1837  
1838  
1839  
1840  
1841  
1842  
1843  
1844  
1845  
1846  
1847  
1848  
1849  
1850  
1851  
1852  
1853  
1854  
1855  
1856  
1857  
1858  
1859  
1860  
1861  
1862  
1863  
1864  
1865  
1866  
1867  
1868  
1869  
1870  
1871  
1872  
1873  
1874  
1875  
1876  
1877  
1878  
1879  
1880  
1881  
1882  
1883  
1884  
1885  
1886  
1887  
1888  
1889  
1890  
1891  
1892  
1893  
1894  
1895  
1896  
1897  
1898  
1899  
1900  
1901  
1902  
1903  
1904  
1905  
1906  
1907  
1908  
1909  
1910  
1911  
1912  
1913  
1914  
1915  
1916  
1917  
1918  
1919  
1920  
1921  
1922  
1923  
1924  
1925  
1926  
1927  
1928  
1929  
1930  
1931  
1932  
1933  
1934  
1935  
1936  
1937  
1938  
1939  
1940  
1941  
1942  
1943  
1944  
1945  
1946  
1947  
1948  
1949  
1950  
1951  
1952  
1953  
1954  
1955  
1956  
1957  
1958  
1959  
1960  
1961  
1962  
1963  
1964  
1965  
1966  
1967  
1968  
1969  
1970  
1971  
1972  
1973  
1974  
1975  
1976  
1977  
1978  
1979  
1980  
1981  
1982  
1983  
1984  
1985  
1986  
1987  
1988  
1989  
1990  
1991  
1992  
1993  
1994  
1995  
1996  
1997  
1998  
1999  
2000  
2001  
2002  
2003  
2004  
2005  
2006  
2007  
2008  
2009  
2010  
2011  
2012  
2013  
2014  
2015  
2016  
2017  
2018  
2019  
2020  
2021  
2022  
2023  
2024  
2025  
2026  
2027  
2028  
2029  
2030  
2031  
2032  
2033  
2034  
2035  
2036  
2037  
2038  
2039  
2040  
2041  
2042  
2043  
2044  
2045  
2046  
2047  
2048  
2049  
2050  
2051  
2052  
2053  
2054  
2055  
2056  
2057  
2058  
2059  
2060  
2061  
2062  
2063  
2064  
2065  
2066  
2067  
2068  
2069  
2070  
2071  
2072  
2073  
2074  
2075  
2076  
2077  
2078  
2079  
2080  
2081  
2082  
2083  
2084  
2085  
2086  
2087  
2088  
2089  
2090  
2091  
2092  
2093  
2094  
2095  
2096  
2097  
2098  
2099  
2100  
2101  
2102  
2103  
2104  
2105  
2106  
2107  
2108  
2109  
2110  
2111  
2112  
2113  
2114  
2115  
2116  
2117  
2118  
2119  
2120  
2121  
2122  
2123  
2124  
2125  
2126  
2127  
2128  
2129  
2130  
2131  
2132  
2133  
2134  
2135  
2136  
2137  
2138  
2139  
2140  
2141  
2142  
2143  
2144  
2145  
2146  
2147  
2148  
2149  
2150  
2151  
2152  
2153  
2154  
2155  
2156  
2157  
2158  
2159  
2160  
2161  
2162  
2163  
2164  
2165  
2166  
2167  
2168  
2169  
2170  
2171  
2172  
2173  
2174  
2175  
2176  
2177  
2178  
2179  
2180  
2181  
2182  
2183  
2184  
2185  
2186  
2187  
2188  
2189  
2190  
2191  
2192  
2193  
2194  
2195  
2196  
2197  
2198  
2199  
2200  
2201  
2202  
2203  
2204  
2205  
2206  
2207  
2208  
2209  
2210  
2211  
2212  
2213  
2214  
2215  
2216  
2217  
2218  
2219  
2220  
2221  
2222  
2223  
2224  
2225  
2226  
2227  
2228  
2229  
2230  
2231  
2232  
2233  
2234  
2235  
2236  
2237  
2238  
2239  
2240  
2241  
2242  
2243  
2244  
2245  
2246  
2247  
2248  
2249  
2250  
2251  
2252  
2253  
2254  
2255  
2256  
2257  
2258  
2259  
2260  
2261  
2262  
2263  
2264  
2265  
2266  
2267  
2268  
2269  
2270  
2271  
2272  
2273  
2274  
2275  
2276  
2277  
2278  
2279  
2280  
2281  
2282  
2283  
2284  
2285  
2286  
2287  
2288  
2289  
2290  
2291  
2292  
2293  
2294  
2295  
2296  
2297  
2298  
2299  
2300  
2301  
2302  
2303  
2304  
2305  
2306  
2307  
2308  
2309  
2310  
2311  
2312  
2313  
2314  
2315  
2316  
2317  
2318  
2319  
2320  
2321  
2322  
2323  
2324  
2325  
2326  
2327  
2328  
2329  
2330  
2331  
2332  
2333  
2334  
2335  
2336  
2337  
2338  
2339  
2340  
2341  
2342  
2343  
2344  
2345  
2346  
2347  
2348  
2349  
2350  
2351  
2352  
2353  
2354  
2355  
2356  
2357  
2358  
2359  
2360  
2361  
2362  
2363  
2364  
2365  
2366  
2367  
2368  
2369  
2370  
2371  
2372  
2373  
2374  
2375  
2376  
2377  
2378  
2379  
2380  
2381  
2382  
2383  
2384  
2385  
2386  
2387  
2388  
2389  
2390  
2391  
2392  
2393  
2394  
2395  
2396  
2397  
2398  
2399  
2400  
2401  
2402  
2403  
2404  
2405  
2406  
2407  
2408  
2409  
2410  
2411  
2412  
2413  
2414  
2415  
2416  
2417  
2418  
2419  
2420  
2421  
2422  
2423  
2424  
2425  
2426  
2427  
2428  
2429  
2430  
2431  
2432  
2433  
2434  
2435  
2436  
2437  
2438  
2439  
2440  
2441  
2442  
2443  
2444  
2445  
2446  
2447  
2448  
2449  
2450  
2451  
2452  
2453  
2454  
2455  
2456  
2457  
2458  
2459  
2460  
2461  
2462  
2463  
2464  
2465  
2466  
2467  
2468  
2469  
2470  
2471  
2472  
2473  
2474  
2475  
2476  
2477  
2478  
2479  
2480  
2481  
2482  
2483  
2484  
2485  
2486  
2487  
2488  
2489  
2490  
2491  
2492  
2493  
2494  
2495  
2496  
2497  
2498  
2499  
2500  
2501  
2502  
2503  
2504  
2505  
2506  
2507  
2508  
2509  
2510  
2511  
2512  
2513  
2514  
2515  
2516  
2517  
2518  
2519  
2520  
2521  
2522  
2523  
2524  
2525  
2526  
2527  
2528  
2529  
2530  
2531  
2532  
2533  
2534  
2535  
2536  
2537  
2538  
2539  
2540  
2541  
2542  
2543  
2544  
2545  
2546  
2547  
2548  
2549  
2550  
2551  
2552  
2553  
2554  
2555  
2556  
2557  
2558  
2559  
2560  
2561  
2562  
2563  
2564  
2565  
2566  
2567  
2568  
2569  
2570  
2571  
2572  
2573  
2574  
2575  
2576  
2577  
2578  
2579  
2580  
2581  
2582  
2583  
2584  
2585  
2586  
2587  
2588  
2589  
2590  
2591  
2592  
2593  
2594  
2595  
2596  
2597  
2598  
2599  
2600  
2601  
2602  
2603  
2604  
2605  
2606  
2607  
2608  
2609  
2610  
2611  
2612  
2613  
2614  
2615  
2616  
2617  
Continuous Attributes:
id 
1
2
3
4
5
6
7
8
9
10
11
12
13
14
15
16
17
18
19
20
21
22
23
24
25
26
27
28
29
30
31
32
33
34
35
36
37
38
39
40
41
42
43
44
45
46
47
48
49
50
51
52
53
54
55
56
57
58
59
60
61
62
63
64
65
66
67
68
69
70
71
72
73
74
75
76
77
78
79
80
81
82
83
84
85
86
87
88
89
90
91
92
93
94
95
96
97
98
99
100
101
102
103
104
105
106
107
108
109
110
111
112
113
114
115
116
117
118
119
120
121
122
123
124
125
126
127
128
129
130
131
132
133
134
135
136
137
138
139
140
141
142
143
144
145
146
147
148
149
150
151
152
153
154
155
156
157
158
159
160
161
162
163
164
165
166
167
168
169
170
171
172
173
174
175
176
177
178
179
180
181
182
183
184
185
186
187
188
189
190
191
192
193
194
195
196
197
198
199
200
201
202
203
204
205
206
207
208
209
210
211
212
213
214
215
216
217
218
219
220
221
222
223
224
225
226
227
228
229
230
231
232
233
234
235
236
237
238
239
240
241
242
243
244
245
246
247
248
249
250
251
252
253
254
255
256
257
258
259
260
261
262
263
264
265
266
267
268
269
270
271
272
273
274
275
276
277
278
279
280
281
282
283
284
285
286
287
288
289
290
291
292
293
294
295
296
297
298
299
300
301
302
303
304
305
306
307
308
309
310
311
312
313
314
315
316
317
318
319
320
321
322
323
324
325
326
327
328
329
330
331
332
333
334
335
336
337
338
339
340
341
342
343
344
345
346
347
348
349
350
351
352
353
354
355
356
357
358
359
360
361
362
363
364
365
366
367
368
369
370
371
372
373
374
375
376
377
378
379
380
381
382
383
384
385
386
387
388
389
390
391
392
393
394
395
396
397
398
399
400
401
402
403
404
405
406
407
408
409
410
411
412
413
414
415
416
417
418
419
420
421
422
423
424
425
426
427
428
429
430
431
432
433
434
435
436
437
438
439
440
441
442
443
444
445
446
447
448
449
450
451
452
453
454
455
456
457
458
459
460
461
462
463
464
465
466
467
468
469
470
471
472
473
474
475
476
477
478
479
480
481
482
483
484
485
486
487
488
489
490
491
492
493
494
495
496
497
498
499
500
501
502
503
504
505
506
507
508
509
510
511
512
513
514
515
516
517
518
519
520
521
522
523
524
525
526
527
528
529
530
531
532
533
534
535
536
537
538
539
540
541
542
543
544
545
546
547
548
549
550
551
552
553
554
555
556
557
558
559
560
561
562
563
564
565
566
567
568
569
570
571
572
573
574
575
576
577
578
579
580
581
582
583
584
585
586
587
588
589
590
591
592
593
594
595
596
597
598
599
600
601
602
603
604
605
606
607
608
609
610
611
612
613
614
615
616
617
618
619
620
621
622
623
624
625
626
627
628
629
630
631
632
633
634
635
636
637
638
639
640
641
642
643
644
645
646
647
648
649
650
651
652
653
654
655
656
657
658
659
660
661
662
663
664
665
666
667
668
669
670
671
672
673
674
675
676
677
678
679
680
681
682
683
684
685
686
687
688
689
690
691
692
693
694
695
696
697
698
699
700
701
702
703
704
705
706
707
708
709
710
711
712
713
714
715
716
717
718
719
720
721
722
723
724
725
726
727
728
729
730
731
732
733
734
735
736
737
738
739
740
741
742
743
744
745
746
747
748
749
750
751
752
753
754
755
756
757
758
759
760
761
762
763
764
765
766
767
768
769
770
771
772
773
774
775
776
777
778
779
780
781
782
783
784
785
786
787
788
789
790
791
792
793
794
795
796
797
798
799
800
801
802
803
804
805
806
807
808
809
810
811
812
813
814
815
816
817
818
819
820
821
822
823
824
825
826
827
828
829
830
831
832
833
834
835
836
837
838
839
840
841
842
843
844
845
846
847
848
849
850
851
852
853
854
855
856
857
858
859
860
861
862
863
864
865
866
867
868
869
870
871
872
873
874
875
876
877
878
879
880
881
882
883
884
885
886
887
888
889
890
891
892
893
894
895
896
897
898
899
900
901
902
903
904
905
906
907
908
909
910
911
912
913
914
915
916
917
918
919
920
921
922
923
924
925
926
927
928
929
930
931
932
933
934
935
936
937
938
939
940
941
942
943
944
945
946
947
948
949
950
951
952
953
954
955
956
957
958
959
960
961
962
963
964
965
966
967
968
969
970
971
972
973
974
975
976
977
978
979
980
981
982
983
984
985
986
987
988
989
990
991
992
993
994
995
996
997
998
999
1000
1001
1002
1003
1004
1005
1006
1007
1008
1009
1010
1011
1012
1013
1014
1015
1016
1017
1018
1019
1020
1021
1022
1023
1024
1025
1026
1027
1028
1029
1030
1031
1032
1033
1034
1035
1036
1037
1038
1039
1040
1041
1042
1043
1044
1045
1046
1047
1048
1049
1050
1051
1052
1053
1054
1055
1056
1057
1058
1059
1060
1061
1062
1063
1064
1065
1066
1067
1068
1069
1070
1071
1072
1073
1074
1075
1076
1077
1078
1079
1080
1081
1082
1083
1084
1085
1086
1087
1088
1089
1090
1091
1092
1093
1094
1095
1096
1097
1098
1099
1100
1101
1102
1103
1104
1105
1106
1107
1108
1109
1110
1111
1112
1113
1114
1115
1116
1117
1118
1119
1120
1121
1122
1123
1124
1125
1126
1127
1128
1129
1130
1131
1132
1133
1134
1135
1136
1137
1138
1139
1140
1141
1142
1143
1144
1145
1146
1147
1148
1149
1150
1151
1152
1153
1154
1155
1156
1157
1158
1159
1160
1161
1162
1163
1164
1165
1166
1167
1168
1169
1170
1171
1172
1173
1174
1175
1176
1177
1178
1179
1180
1181
1182
1183
1184
1185
1186
1187
1188
1189
1190
1191
1192
1193
1194
1195
1196
1197
1198
1199
1200
1201
1202
1203
1204
1205
1206
1207
1208
1209
1210
1211
1212
1213
1214
1215
1216
1217
1218
1219
1220
1221
1222
1223
1224
1225
1226
1227
1228
1229
1230
1231
1232
1233
1234
1235
1236
1237
1238
1239
1240
1241
1242
1243
1244
1245
1246
1247
1248
1249
1250
1251
1252
1253
1254
1255
1256
1257
1258
1259
1260
1261
1262
1263
1264
1265
1266
1267
1268
1269
1270
1271
1272
1273
1274
1275
1276
1277
1278
1279
1280
1281
1282
1283
1284
1285
1286
1287
1288
1289
1290
1291
1292
1293
1294
1295
1296
1297
1298
1299
1300
1301
1302
1303
1304
1305
1306
1307
1308
1309
1310
1311
1312
1313
1314
1315
1316
1317
1318
1319
1320
1321
1322
1323
1324
1325
1326
1327
1328
1329
1330
1331
1332
1333
1334
1335
1336
1337
1338
1339
1340
1341
1342
1343
1344
1345
1346
1347
1348
1349
1350
1351
1352
1353
1354
1355
1356
1357
1358
1359
1360
1361
1362
1363
1364
1365
1366
1367
1368
1369
1370
1371
1372
1373
1374
1375
1376
1377
1378
1379
1380
1381
1382
1383
1384
1385
1386
1387
1388
1389
1390
1391
1392
1393
1394
1395
1396
1397
1398
1399
1400
1401
1402
1403
1404
1405
1406
1407
1408
1409
1410
1411
1412
1413
1414
1415
1416
1417
1418
1419
1420
1421
1422
1423
1424
1425
1426
1427
1428
1429
1430
1431
1432
1433
1434
1435
1436
1437
1438
1439
1440
1441
1442
1443
1444
1445
1446
1447
1448
1449
1450
1451
1452
1453
1454
1455
1456
1457
1458
1459
1460
1461
1462
1463
1464
1465
1466
1467
1468
1469
1470
1471
1472
1473
1474
1475
1476
1477
1478
1479
1480
1481
1482
1483
1484
1485
1486
1487
1488
1489
1490
1491
1492
1493
1494
1495
1496
1497
1498
1499
1500
1501
1502
1503
1504
1505
1506
1507
1508
1509
1510
1511
1512
1513
1514
1515
1516
1517
1518
1519
1520
1521
1522
1523
1524
1525
1526
1527
1528
1529
1530
1531
1532
1533
1534
1535
1536
1537
1538
1539
1540
1541
1542
1543
1544
1545
1546
1547
1548
1549
1550
1551
1552
1553
1554
1555
1556
1557
1558
1559
1560
1561
1562
1563
1564
1565
1566
1567
1568
1569
1570
1571
1572
1573
1574
1575
1576
1577
1578
1579
1580
1581
1582
1583
1584
1585
1586
1587
1588
1589
1590
1591
1592
1593
1594
1595
1596
1597
1598
1599
1600
1601
1602
1603
1604
1605
1606
1607
1608
1609
1610
1611
1612
1613
1614
1615
1616
1617
1618
1619
1620
1621
1622
1623
1624
1625
1626
1627
1628
1629
1630
1631
1632
1633
1634
1635
1636
1637
1638
1639
1640
1641
1642
1643
1644
1645
1646
1647
1648
1649
1650
1651
1652
1653
1654
1655
1656
1657
1658
1659
1660
1661
1662
1663
1664
1665
1666
1667
1668
1669
1670
1671
1672
1673
1674
1675
1676
1677
1678
1679
1680
1681
1682
1683
1684
1685
1686
1687
1688
1689
1690
1691
1692
1693
1694
1695
1696
1697
1698
1699
1700
1701
1702
1703
1704
1705
1706
1707
1708
1709
1710
1711
1712
1713
1714
1715
1716
1717
1718
1719
1720
1721
1722
1723
1724
1725
1726
1727
1728
1729
1730
1731
1732
1733
1734
1735
1736
1737
1738
1739
1740
1741
1742
1743
1744
1745
1746
1747
1748
1749
1750
1751
1752
1753
1754
1755
1756
1757
1758
1759
1760
1761
1762
1763
1764
1765
1766
1767
1768
1769
1770
1771
1772
1773
1774
1775
1776
1777
1778
1779
1780
1781
1782
1783
1784
1785
1786
1787
1788
1789
1790
1791
1792
1793
1794
1795
1796
1797
1798
1799
1800
1801
1802
1803
1804
1805
1806
1807
1808
1809
1810
1811
1812
1813
1814
1815
1816
1817
1818
1819
1820
1821
1822
1823
1824
1825
1826
1827
1828
1829
1830
1831
1832
1833
1834
1835
1836
1837
1838
1839
1840
1841
1842
1843
1844
1845
1846
1847
1848
1849
1850
1851
1852
1853
1854
1855
1856
1857
1858
1859
1860
1861
1862
1863
1864
1865
1866
1867
1868
1869
1870
1871
1872
1873
1874
1875
1876
1877
1878
1879
1880
1881
1882
1883
1884
1885
1886
1887
1888
1889
1890
1891
1892
1893
1894
1895
1896
1897
1898
1899
1900
1901
1902
1903
1904
1905
1906
1907
1908
1909
1910
1911
1912
1913
1914
1915
1916
1917
1918
1919
1920
1921
1922
1923
1924
1925
1926
1927
1928
1929
1930
1931
1932
1933
1934
1935
1936
1937
1938
1939
1940
1941
1942
1943
1944
1945
1946
1947
1948
1949
1950
1951
1952
1953
1954
1955
1956
1957
1958
1959
1960
1961
1962
1963
1964
1965
1966
1967
1968
1969
1970
1971
1972
1973
1974
1975
1976
1977
1978
1979
1980
1981
1982
1983
1984
1985
1986
1987
1988
1989
1990
1991
1992
1993
1994
1995
1996
1997
1998
1999
2000
2001
2002
2003
2004
2005
2006
2007
2008
2009
2010
2011
2012
2013
2014
2015
2016
2017
2018
2019
2020
2021
2022
2023
2024
2025
2026
2027
2028
2029
2030
2031
2032
2033
2034
2035
2036
2037
2038
2039
2040
2041
2042
2043
2044
2045
2046
2047
2048
2049
2050
2051
2052
2053
2054
2055
2056
2057
2058
2059
2060
2061
2062
2063
2064
2065
2066
2067
2068
2069
2070
2071
2072
2073
2074
2075
2076
2077
2078
2079
2080
2081
2082
2083
2084
2085
2086
2087
2088
2089
2090
2091
2092
2093
2094
2095
2096
2097
2098
2099
2100
2101
2102
2103
2104
2105
2106
2107
2108
2109
2110
2111
2112
2113
2114
2115
2116
2117
2118
2119
2120
2121
2122
2123
2124
2125
2126
2127
2128
2129
2130
2131
2132
2133
2134
2135
2136
2137
2138
2139
2140
2141
2142
2143
2144
2145
2146
2147
2148
2149
2150
2151
2152
2153
2154
2155
2156
2157
2158
2159
2160
2161
2162
2163
2164
2165
2166
2167
2168
2169
2170
2171
2172
2173
2174
2175
2176
2177
2178
2179
2180
2181
2182
2183
2184
2185
2186
2187
2188
2189
2190
2191
2192
2193
2194
2195
2196
2197
2198
2199
2200
2201
2202
2203
2204
2205
2206
2207
2208
2209
2210
2211
2212
2213
2214
2215
2216
2217
2218
2219
2220
2221
2222
2223
2224
2225
2226
2227
2228
2229
2230
2231
2232
2233
2234
2235
2236
2237
2238
2239
2240
2241
2242
2243
2244
2245
2246
2247
2248
2249
2250
2251
2252
2253
2254
2255
2256
2257
2258
2259
2260
2261
2262
2263
2264
2265
2266
2267
2268
2269
2270
2271
2272
2273
2274
2275
2276
2277
2278
2279
2280
2281
2282
2283
2284
2285
2286
2287
2288
2289
2290
2291
2292
2293
2294
2295
2296
2297
2298
2299
2300
2301
2302
2303
2304
2305
2306
2307
2308
2309
2310
2311
2312
2313
2314
2315
2316
2317
2318
2319
2320
2321
2322
2323
2324
2325
2326
2327
2328
2329
2330
2331
2332
2333
2334
2335
2336
2337
2338
2339
2340
2341
2342
2343
2344
2345
2346
2347
2348
2349
2350
2351
2352
2353
2354
2355
2356
2357
2358
2359
2360
2361
2362
2363
2364
2365
2366
2367
2368
2369
2370
2371
2372
2373
2374
2375
2376
2377
2378
2379
2380
2381
2382
2383
2384
2385
2386
2387
2388
2389
2390
2391
2392
2393
2394
2395
2396
2397
2398
2399
2400
2401
2402
2403
2404
2405
2406
2407
2408
2409
2410
2411
2412
2413
2414
2415
2416
2417
2418
2419
2420
2421
2422
2423
2424
2425
2426
2427
2428
2429
2430
2431
2432
2433
2434
2435
2436
2437
2438
2439
2440
2441
2442
2443
2444
2445
2446
2447
2448
2449
2450
2451
2452
2453
2454
2455
2456
2457
2458
2459
2460
2461
2462
2463
2464
2465
2466
2467
2468
2469
2470
2471
2472
2473
2474
2475
2476
2477
2478
2479
2480
2481
2482
2483
2484
2485
2486
2487
2488
2489
2490
2491
2492
2493
2494
2495
2496
2497
2498
2499
2500
2501
2502
2503
2504
2505
2506
2507
2508
2509
2510
2511
2512
2513
2514
2515
2516
2517
2518
2519
2520
2521
2522
2523
2524
2525
2526
2527
2528
2529
2530
2531
2532
2533
2534
2535
2536
2537
2538
2539
2540
2541
2542
2543
2544
2545
2546
2547
2548
2549
2550
2551
2552
2553
2554
2555
2556
2557
2558
2559
2560
2561
2562
2563
2564
2565
2566
2567
2568
2569
2570
2571
2572
2573
2574
2575
2576
2577
2578
2579
2580
2581
2582
2583
2584
2585
2586
2587
2588
2589
2590
2591
2592
2593
2594
2595
2596
2597
2598
2599
2600
2601
2602
2603
2604
2605
2606
2607
2608
2609
2610
2611
2612
2613
2614
2615
2616
2617
Categorical Attributes:
id class
1 12
2 12
3 12
4 9
5 7
6 6
7 6
8 9
9 4
10 3
11 7
12 12
13 2
14 10
15 12
16 10
17 12
18 6
19 4
20 12
21 12
22 12
23 9
24 12
25 8
26 13
27 9
28 6
29 6
30 13
31 12
32 10
33 10
34 10
35 12
36 13
37 13
38 13
39 5
40 12
41 9
42 12
43 12
44 13
45 6
46 12
47 13
48 13
49 8
50 13
51 13
52 9
53 3
54 13
55 2
56 12
57 3
58 13
59 13
60 10
61 12
62 13
63 12
64 13
65 10
66 12
67 9
68 12
69 4
70 12
71 12
72 13
73 13
74 9
75 12
76 2
77 12
78 4
79 3
80 4
81 12
82 9
83 13
84 12
85 3
86 13
87 7
88 9
89 13
90 13
91 8
92 13
93 5
94 12
95 12
96 13
97 12
98 4
99 3
100 4
101 5
102 10
103 12
104 7
105 6
106 8
107 6
108 10
109 10
110 10
111 10
112 13
113 10
114 9
115 10
116 10
117 7
118 10
119 10
120 10
121 13
122 3
123 10
124 13
125 10
126 10
127 8
128 10
129 13
130 10
131 10
132 12
133 5
134 10
135 10
136 10
137 7
138 5
139 10
140 5
141 10
142 10
143 5
144 6
145 5
146 2
147 12
148 8
149 10
150 13
151 12
152 6
153 9
154 8
155 6
156 13
157 1
158 8
159 13
160 12
161 13
162 12
163 5
164 4
165 12
166 6
167 10
168 2
169 6
170 12
171 7
172 1
173 7
174 13
175 8
176 6
177 7
178 4
179 6
180 6
181 12
182 12
183 6
184 12
185 9
186 12
187 13
188 6
189 12
190 3
191 7
192 7
193 8
194 12
195 7
196 1
197 9
198 12
199 12
200 6
201 4
202 6
203 9
204 7
205 9
206 3
207 8
208 12
209 10
210 9
211 12
212 7
213 1
214 9
215 12
216 9
217 1
218 10
219 13
220 3
221 9
222 6
223 4
224 9
225 12
226 13
227 12
228 3
229 13
230 3
231 12
232 13
233 7
234 9
235 10
236 5
237 9
238 12
239 10
240 9
241 4
242 3
243 8
244 8
245 6
246 10
247 12
248 12
249 8
250 8
251 9
252 9
253 13
254 6
255 9
256 8
257 6
258 13
259 3
260 12
261 10
262 6
263 7
264 13
265 12
266 4
267 2
268 13
269 12
270 7
271 10
272 9
273 12
274 8
275 13
276 12
277 6
278 10
279 5
280 8
281 2
282 12
283 9
284 7
285 12
286 12
287 5
288 3
289 11
290 2
291 5
292 10
293 3
294 4
295 6
296 6
297 12
298 2
299 2
300 7
301 9
302 9
303 13
304 2
305 10
306 9
307 12
308 4
309 13
310 3
311 4
312 7
313 8
314 6
315 12
316 9
317 10
318 4
319 12
320 4
321 10
322 7
323 5
324 3
325 1
326 7
327 13
328 13
329 4
330 4
331 12
332 12
333 2
334 10
335 13
336 2
337 12
338 3
339 7
340 4
341 8
342 12
343 8
344 12
345 8
346 6
347 12
348 4
349 12
350 9
351 13
352 12
353 10
354 13
355 12
356 10
357 11
358 13
359 12
360 10
361 8
362 13
363 6
364 2
365 8
366 10
367 9
368 4
369 6
370 6
371 8
372 3
373 13
374 12
375 4
376 3
377 10
378 12
379 12
380 2
381 4
382 9
383 4
384 10
385 4
386 3
387 8
388 3
389 6
390 7
391 6
392 2
393 13
394 7
395 9
396 13
397 3
398 6
399 4
400 2
401 8
402 9
403 13
404 12
405 2
406 8
407 13
408 13
409 8
410 7
411 5
412 12
413 13
414 6
415 4
416 7
417 12
418 13
419 6
420 3
421 3
422 6
423 13
424 4
425 8
426 13
427 12
428 9
429 9
430 12
431 13
432 10
433 11
434 10
435 4
436 12
437 2
438 6
439 12
440 13
441 7
442 12
443 13
444 10
445 3
446 4
447 5
448 6
449 4
450 12
451 10
452 12
453 10
454 5
455 4
456 7
457 4
458 13
459 4
460 9
461 10
462 9
463 3
464 7
465 3
466 5
467 9
468 3
469 12
470 10
471 4
472 9
473 8
474 9
475 10
476 12
477 13
478 13
479 5
480 2
481 13
482 2
483 6
484 3
485 12
486 3
487 3
488 13
489 12
490 12
491 6
492 9
493 12
494 13
495 4
496 5
497 13
498 10
499 12
500 4
501 4
502 7
503 13
504 5
505 8
506 1
507 2
508 12
509 9
510 4
511 2
512 12
513 4
514 13
515 4
516 10
517 12
518 12
519 4
520 3
521 2
522 4
523 7
524 12
525 3
526 12
527 8
528 4
529 12
530 3
531 13
532 13
533 12
534 9
535 13
536 13
537 4
538 7
539 3
540 13
541 13
542 2
543 7
544 13
545 13
546 4
547 7
548 6
549 12
550 4
551 13
552 3
553 10
554 13
555 4
556 6
557 10
558 13
559 11
560 6
561 13
562 12
563 2
564 4
565 7
566 6
567 9
568 6
569 1
570 4
571 3
572 12
573 6
574 4
575 4
576 12
577 5
578 13
579 4
580 4
581 12
582 9
583 13
584 13
585 13
586 13
587 12
588 4
589 5
590 8
591 13
592 10
593 3
594 9
595 13
596 13
597 7
598 13
599 10
600 8
601 12
602 13
603 9
604 12
605 3
606 4
607 3
608 10
609 4
610 9
611 4
612 12
613 13
614 4
615 13
616 2
617 9
618 4
619 6
620 4
621 7
622 13
623 11
624 13
625 9
626 12
627 12
628 4
629 5
630 12
631 6
632 13
633 4
634 9
635 13
636 6
637 9
638 13
639 12
640 13
641 4
642 10
643 2
644 3
645 8
646 13
647 11
648 13
649 6
650 6
651 3
652 9
653 4
654 4
655 9
656 5
657 11
658 6
659 3
660 6
661 6
662 13
663 13
664 13
665 4
666 13
667 9
668 13
669 1
670 12
671 6
672 10
673 6
674 9
675 4
676 2
677 10
678 13
679 13
680 4
681 13
682 11
683 8
684 10
685 13
686 13
687 11
688 9
689 2
690 10
691 10
692 13
693 10
694 10
695 10
696 10
697 10
698 10
699 10
700 10
701 10
702 13
703 10
704 10
705 10
706 10
707 13
708 10
709 10
710 10
711 10
712 10
713 10
714 10
715 10
716 10
717 10
718 1
719 13
720 13
721 10
722 6
723 9
724 13
725 9
726 8
727 10
728 10
729 10
730 10
731 10
732 10
733 9
734 10
735 13
736 12
737 4
738 6
739 10
740 10
741 8
742 2
743 10
744 13
745 8
746 10
747 6
748 10
749 10
750 6
751 4
752 13
753 13
754 10
755 10
756 13
757 5
758 4
759 10
760 13
761 10
762 8
763 8
764 11
765 5
766 5
767 5
768 6
769 11
770 10
771 3
772 13
773 5
774 9
775 1
776 5
777 5
778 4
779 10
780 6
781 8
782 10
783 8
784 5
785 5
786 8
787 2
788 5
789 7
790 5
791 6
792 13
793 6
794 8
795 12
796 13
797 13
798 12
799 13
800 11
801 9
802 13
803 8
804 10
805 12
806 7
807 8
808 13
809 13
810 12
811 5
812 13
813 4
814 3
815 7
816 7
817 9
818 6
819 4
820 8
821 8
822 13
823 3
824 3
825 13
826 5
827 12
828 9
829 1
830 8
831 13
832 13
833 13
834 12
835 5
836 10
837 12
838 12
839 12
840 13
841 5
842 10
843 8
844 13
845 8
846 10
847 12
848 8
849 8
850 5
851 8
852 10
853 10
854 6
855 8
856 8
857 13
858 6
859 10
860 10
861 3
862 5
863 9
864 8
865 3
866 13
867 13
868 6
869 13
870 6
871 6
872 6
873 1
874 13
875 13
876 3
877 13
878 9
879 8
880 13
881 13
882 10
883 8
884 3
885 5
886 13
887 12
888 8
889 10
890 2
891 4
892 4
893 8
894 7
895 4
896 12
897 8
898 13
899 10
900 13
901 5
902 13
903 13
904 13
905 1
906 13
907 5
908 13
909 8
910 13
911 9
912 10
913 9
914 12
915 6
916 12
917 11
918 8
919 6
920 1
921 13
922 1
923 2
924 4
925 6
926 8
927 8
928 8
929 8
930 9
931 4
932 11
933 13
934 10
935 10
936 8
937 10
938 13
939 6
940 10
941 10
942 10
943 5
944 1
945 10
946 4
947 8
948 6
949 10
950 13
951 13
952 13
953 10
954 1
955 7
956 6
957 10
958 13
959 8
960 8
961 13
962 6
963 8
964 13
965 8
966 10
967 8
968 8
969 7
970 5
971 10
972 13
973 2
974 12
975 13
976 13
977 8
978 13
979 13
980 3
981 12
982 8
983 8
984 10
985 8
986 13
987 13
988 13
989 9
990 12
991 7
992 5
993 7
994 8
995 1
996 10
997 10
998 7
999 8
1000 12
1001 9
1002 13
1003 10
1004 13
1005 5
1006 13
1007 13
1008 8
1009 2
1010 1
1011 6
1012 8
1013 5
1014 13
1015 6
1016 10
1017 13
1018 3
1019 13
1020 13
1021 5
1022 13
1023 12
1024 5
1025 13
1026 10
1027 9
1028 6
1029 12
1030 7
1031 10
1032 12
1033 13
1034 10
1035 8
1036 9
1037 6
1038 12
1039 13
1040 10
1041 8
1042 5
1043 13
1044 4
1045 8
1046 10
1047 8
1048 10
1049 8
1050 13
1051 13
1052 8
1053 13
1054 6
1055 13
1056 8
1057 5
1058 12
1059 8
1060 3
1061 12
1062 8
1063 8
1064 8
1065 8
1066 1
1067 9
1068 13
1069 8
1070 8
1071 13
1072 1
1073 8
1074 13
1075 10
1076 10
1077 7
1078 7
1079 12
1080 7
1081 9
1082 13
1083 10
1084 7
1085 10
1086 13
1087 8
1088 13
1089 2
1090 13
1091 9
1092 6
1093 12
1094 9
1095 13
1096 7
1097 3
1098 10
1099 10
1100 5
1101 5
1102 8
1103 13
1104 5
1105 13
1106 13
1107 13
1108 13
1109 13
1110 8
1111 8
1112 7
1113 8
1114 13
1115 4
1116 13
1117 4
1118 7
1119 13
1120 10
1121 13
1122 2
1123 5
1124 5
1125 10
1126 10
1127 13
1128 13
1129 4
1130 12
1131 3
1132 13
1133 5
1134 13
1135 13
1136 12
1137 10
1138 13
1139 13
1140 7
1141 2
1142 10
1143 8
1144 13
1145 8
1146 8
1147 2
1148 13
1149 11
1150 12
1151 12
1152 2
1153 12
1154 12
1155 7
1156 3
1157 13
1158 2
1159 2
1160 8
1161 12
1162 13
1163 9
1164 13
1165 8
1166 12
1167 8
1168 10
1169 2
1170 8
1171 8
1172 5
1173 8
1174 13
1175 2
1176 3
1177 13
1178 13
1179 13
1180 6
1181 8
1182 13
1183 13
1184 4
1185 9
1186 13
1187 10
1188 13
1189 8
1190 13
1191 2
1192 2
1193 9
1194 12
1195 13
1196 13
1197 13
1198 4
1199 12
1200 13
1201 8
1202 11
1203 12
1204 13
1205 9
1206 2
1207 4
1208 11
1209 13
1210 8
1211 13
1212 12
1213 13
1214 7
1215 8
1216 13
1217 12
1218 11
1219 7
1220 7
1221 13
1222 10
1223 13
1224 12
1225 5
1226 13
1227 13
1228 13
1229 13
1230 8
1231 8
1232 10
1233 13
1234 4
1235 13
1236 8
1237 8
1238 13
1239 5
1240 4
1241 13
1242 7
1243 4
1244 3
1245 13
1246 6
1247 10
1248 13
1249 12
1250 11
1251 10
1252 11
1253 10
1254 6
1255 6
1256 8
1257 8
1258 12
1259 13
1260 10
1261 2
1262 6
1263 12
1264 6
1265 12
1266 13
1267 12
1268 6
1269 4
1270 12
1271 2
1272 4
1273 12
1274 11
1275 10
1276 12
1277 12
1278 12
1279 12
1280 13
1281 10
1282 13
1283 13
1284 6
1285 13
1286 10
1287 13
1288 9
1289 13
1290 8
1291 4
1292 9
1293 10
1294 9
1295 2
1296 13
1297 12
1298 4
1299 13
1300 10
1301 13
1302 12
1303 5
1304 11
1305 12
1306 4
1307 12
1308 12
1309 11
1310 12
1311 8
1312 6
1313 12
1314 10
1315 4
1316 2
1317 7
1318 8
1319 10
1320 13
1321 13
1322 9
1323 13
1324 13
1325 13
1326 8
1327 6
1328 8
1329 8
1330 13
1331 8
1332 7
1333 13
1334 13
1335 1
1336 9
1337 3
1338 7
1339 8
1340 4
1341 12
1342 8
1343 9
1344 8
1345 1
1346 13
1347 4
1348 13
1349 10
1350 2
1351 8
1352 8
1353 10
1354 3
1355 6
1356 9
1357 13
1358 9
1359 9
1360 12
1361 9
1362 4
1363 12
1364 12
1365 9
1366 9
1367 11
1368 8
1369 9
1370 1
1371 2
1372 8
1373 11
1374 13
1375 10
1376 10
1377 8
1378 8
1379 13
1380 13
1381 13
1382 13
1383 8
1384 4
1385 2
1386 13
1387 2
1388 12
1389 10
1390 7
1391 8
1392 13
1393 10
1394 13
1395 7
1396 13
1397 13
1398 12
1399 3
1400 11
1401 10
1402 8
1403 13
1404 2
1405 8
1406 6
1407 10
1408 1
1409 4
1410 4
1411 13
1412 13
1413 11
1414 2
1415 13
1416 13
1417 12
1418 8
1419 10
1420 5
1421 8
1422 6
1423 8
1424 9
1425 8
1426 10
1427 13
1428 13
1429 8
1430 2
1431 8
1432 13
1433 5
1434 7
1435 13
1436 8
1437 1
1438 12
1439 2
1440 13
1441 9
1442 11
1443 8
1444 13
1445 5
1446 13
1447 13
1448 9
1449 6
1450 13
1451 10
1452 7
1453 2
1454 8
1455 13
1456 8
1457 7
1458 13
1459 8
1460 13
1461 13
1462 11
1463 13
1464 4
1465 10
1466 10
1467 2
1468 3
1469 13
1470 13
1471 10
1472 8
1473 12
1474 10
1475 5
1476 8
1477 8
1478 4
1479 12
1480 3
1481 13
1482 8
1483 7
1484 8
1485 13
1486 13
1487 13
1488 6
1489 6
1490 2
1491 12
1492 4
1493 10
1494 8
1495 8
1496 6
1497 12
1498 13
1499 2
1500 1
1501 10
1502 8
1503 13
1504 13
1505 4
1506 8
1507 10
1508 7
1509 13
1510 4
1511 8
1512 13
1513 13
1514 7
1515 13
1516 4
1517 3
1518 13
1519 3
1520 10
1521 8
1522 7
1523 13
1524 1
1525 13
1526 7
1527 10
1528 13
1529 10
1530 10
1531 8
1532 10
1533 4
1534 8
1535 7
1536 2
1537 8
1538 8
1539 13
1540 8
1541 13
1542 13
1543 6
1544 8
1545 3
1546 13
1547 10
1548 13
1549 13
1550 7
1551 8
1552 6
1553 13
1554 8
1555 6
1556 8
1557 5
1558 10
1559 8
1560 4
1561 13
1562 10
1563 8
1564 12
1565 8
1566 5
1567 8
1568 6
1569 8
1570 10
1571 7
1572 1
1573 3
1574 10
1575 13
1576 11
1577 8
1578 8
1579 7
1580 6
1581 5
1582 13
1583 13
1584 7
1585 9
1586 13
1587 2
1588 8
1589 13
1590 12
1591 4
1592 8
1593 4
1594 13
1595 4
1596 8
1597 13
1598 8
1599 10
1600 4
1601 8
1602 6
1603 11
1604 1
1605 13
1606 13
1607 10
1608 10
1609 12
1610 13
1611 8
1612 5
1613 13
1614 8
1615 4
1616 8
1617 13
1618 7
1619 6
1620 10
1621 11
1622 10
1623 13
1624 13
1625 8
1626 3
1627 8
1628 5
1629 3
1630 4
1631 13
1632 8
1633 8
1634 4
1635 8
1636 1
1637 7
1638 7
1639 8
1640 13
1641 4
1642 13
1643 10
1644 11
1645 13
1646 6
1647 5
1648 13
1649 10
1650 1
1651 1
1652 3
1653 13
1654 13
1655 5
1656 13
1657 13
1658 7
1659 13
1660 8
1661 6
1662 13
1663 7
1664 8
1665 3
1666 8
1667 10
1668 13
1669 1
1670 3
1671 8
1672 8
1673 8
1674 1
1675 3
1676 6
1677 8
1678 13
1679 1
1680 13
1681 1
1682 13
1683 8
1684 8
1685 13
1686 13
1687 1
1688 12
1689 8
1690 12
1691 8
1692 8
1693 8
1694 6
1695 8
1696 5
1697 5
1698 13
1699 8
1700 6
1701 5
1702 5
1703 7
1704 13
1705 4
1706 13
1707 7
1708 3
1709 13
1710 12
1711 9
1712 3
1713 11
1714 12
1715 6
1716 10
1717 2
1718 4
1719 9
1720 6
1721 4
1722 8
1723 4
1724 6
1725 3
1726 6
1727 6
1728 13
1729 9
1730 10
1731 9
1732 3
1733 6
1734 13
1735 4
1736 4
1737 9
1738 4
1739 13
1740 4
1741 9
1742 4
1743 8
1744 4
1745 4
1746 12
1747 8
1748 9
1749 6
1750 1
1751 2
1752 13
1753 8
1754 4
1755 1
1756 13
1757 13
1758 6
1759 7
1760 6
1761 2
1762 4
1763 4
1764 4
1765 8
1766 9
1767 4
1768 9
1769 13
1770 6
1771 11
1772 12
1773 3
1774 6
1775 9
1776 9
1777 12
1778 13
1779 6
1780 12
1781 10
1782 4
1783 4
1784 13
1785 1
1786 4
1787 4
1788 4
1789 9
1790 3
1791 12
1792 4
1793 6
1794 9
1795 3
1796 6
1797 9
1798 12
1799 13
1800 12
1801 4
1802 9
1803 6
1804 4
1805 11
1806 8
1807 2
1808 13
1809 4
1810 3
1811 13
1812 9
1813 6
1814 4
1815 6
1816 9
1817 4
1818 4
1819 6
1820 3
1821 9
1822 10
1823 13
1824 9
1825 9
1826 8
1827 6
1828 8
1829 4
1830 3
1831 3
1832 9
1833 1
1834 9
1835 4
1836 6
1837 8
1838 9
1839 4
1840 6
1841 12
1842 6
1843 3
1844 8
1845 3
1846 4
1847 9
1848 9
1849 13
1850 4
1851 4
1852 3
1853 3
1854 2
1855 12
1856 12
1857 10
1858 9
1859 12
1860 4
1861 9
1862 4
1863 6
1864 4
1865 9
1866 3
1867 13
1868 9
1869 6
1870 4
1871 4
1872 3
1873 8
1874 4
1875 4
1876 8
1877 3
1878 4
1879 4
1880 3
1881 4
1882 3
1883 4
1884 13
1885 4
1886 13
1887 3
1888 9
1889 2
1890 4
1891 3
1892 6
1893 3
1894 2
1895 4
1896 2
1897 4
1898 3
1899 6
1900 13
1901 12
1902 4
1903 9
1904 8
1905 4
1906 9
1907 8
1908 6
1909 2
1910 8
1911 12
1912 9
1913 3
1914 2
1915 12
1916 13
1917 8
1918 3
1919 4
1920 3
1921 4
1922 4
1923 12
1924 3
1925 9
1926 9
1927 13
1928 8
1929 6
1930 13
1931 1
1932 9
1933 12
1934 3
1935 11
1936 13
1937 2
1938 4
1939 12
1940 13
1941 9
1942 10
1943 4
1944 13
1945 6
1946 7
1947 13
1948 13
1949 8
1950 13
1951 12
1952 13
1953 5
1954 12
1955 4
1956 4
1957 8
1958 6
1959 10
1960 4
1961 3
1962 2
1963 1
1964 5
1965 6
1966 6
1967 13
1968 7
1969 5
1970 9
1971 3
1972 13
1973 10
1974 8
1975 13
1976 6
1977 4
1978 4
1979 10
1980 2
1981 9
1982 7
1983 9
1984 4
1985 4
1986 8
1987 1
1988 3
1989 4
1990 9
1991 13
1992 13
1993 3
1994 2
1995 10
1996 13
1997 9
1998 13
1999 4
2000 9
2001 3
2002 10
2003 13
2004 8
2005 10
2006 6
2007 12
2008 13
2009 2
2010 4
2011 9
2012 12
2013 13
2014 13
2015 5
2016 4
2017 8
2018 8
2019 13
2020 6
2021 6
2022 13
2023 10
2024 13
2025 4
2026 12
2027 13
2028 4
2029 10
2030 3
2031 3
2032 4
2033 9
2034 5
2035 9
2036 8
2037 9
2038 13
2039 7
2040 13
2041 6
2042 13
2043 5
2044 6
2045 9
2046 11
2047 6
2048 12
2049 13
2050 2
2051 13
2052 10
2053 10
2054 2
2055 12
2056 8
2057 4
2058 13
2059 13
2060 4
2061 9
2062 12
2063 4
2064 13
2065 10
2066 13
2067 13
2068 4
2069 3
2070 13
2071 4
2072 4
2073 4
2074 6
2075 13
2076 4
2077 8
2078 6
2079 13
2080 13
2081 4
2082 3
2083 9
2084 6
2085 13
2086 13
2087 13
2088 6
2089 5
2090 9
2091 9
2092 12
2093 3
2094 13
2095 6
2096 13
2097 13
2098 3
2099 13
2100 13
2101 9
2102 13
2103 11
2104 4
2105 6
2106 3
2107 4
2108 12
2109 13
2110 13
2111 9
2112 2
2113 13
2114 10
2115 9
2116 3
2117 2
2118 13
2119 1
2120 5
2121 11
2122 2
2123 4
2124 13
2125 13
2126 7
2127 1
2128 2
2129 13
2130 11
2131 10
2132 13
2133 13
2134 6
2135 6
2136 9
2137 13
2138 13
2139 13
2140 4
2141 13
2142 13
2143 13
2144 13
2145 13
2146 3
2147 13
2148 1
2149 5
2150 12
2151 9
2152 4
2153 13
2154 8
2155 13
2156 13
2157 13
2158 13
2159 12
2160 8
2161 6
2162 1
2163 7
2164 13
2165 13
2166 5
2167 13
2168 5
2169 6
2170 8
2171 13
2172 13
2173 6
2174 6
2175 2
2176 8
2177 13
2178 4
2179 13
2180 9
2181 13
2182 13
2183 12
2184 8
2185 8
2186 13
2187 13
2188 13
2189 8
2190 13
2191 12
2192 11
2193 6
2194 13
2195 13
2196 12
2197 13
2198 12
2199 13
2200 13
2201 13
2202 13
2203 13
2204 11
2205 10
2206 6
2207 13
2208 9
2209 13
2210 8
2211 10
2212 6
2213 1
2214 13
2215 13
2216 2
2217 8
2218 2
2219 9
2220 10
2221 5
2222 13
2223 8
2224 5
2225 10
2226 3
2227 6
2228 13
2229 9
2230 9
2231 13
2232 6
2233 13
2234 13
2235 13
2236 10
2237 13
2238 7
2239 13
2240 13
2241 13
2242 13
2243 8
2244 5
2245 13
2246 9
2247 8
2248 13
2249 13
2250 3
2251 5
2252 13
2253 2
2254 3
2255 5
2256 10
2257 13
2258 10
2259 8
2260 13
2261 8
2262 8
2263 9
2264 13
2265 4
2266 13
2267 13
2268 13
2269 13
2270 5
2271 13
2272 8
2273 8
2274 12
2275 6
2276 13
2277 4
2278 10
2279 13
2280 8
2281 13
2282 8
2283 8
2284 13
2285 13
2286 6
2287 13
2288 4
2289 2
2290 4
2291 13
2292 13
2293 13
2294 4
2295 13
2296 8
2297 13
2298 13
2299 10
2300 2
2301 13
2302 4
2303 4
2304 13
2305 13
2306 13
2307 6
2308 8
2309 13
2310 13
2311 4
2312 8
2313 13
2314 13
2315 13
2316 4
2317 13
2318 13
2319 13
2320 10
2321 10
2322 13
2323 3
2324 10
2325 13
2326 13
2327 13
2328 9
2329 13
2330 13
2331 6
2332 4
2333 1
2334 3
2335 10
2336 10
2337 13
2338 4
2339 12
2340 7
2341 8
2342 13
2343 13
2344 6
2345 6
2346 13
2347 7
2348 12
2349 12
2350 4
2351 13
2352 12
2353 3
2354 13
2355 1
2356 5
2357 13
2358 13
2359 12
2360 6
2361 9
2362 1
2363 13
2364 13
2365 13
2366 1
2367 8
2368 13
2369 12
2370 10
2371 13
2372 7
2373 1
2374 6
2375 13
2376 8
2377 8
2378 12
2379 9
2380 4
2381 13
2382 4
2383 8
2384 13
2385 8
2386 13
2387 13
2388 13
2389 13
2390 13
2391 13
2392 12
2393 13
2394 2
2395 2
2396 13
2397 13
2398 13
2399 2
2400 13
2401 13
2402 13
2403 13
2404 12
2405 10
2406 4
2407 13
2408 13
2409 10
2410 7
2411 8
2412 12
2413 8
2414 8
2415 6
2416 7
2417 13
2418 10
2419 10
2420 10
2421 1
2422 5
2423 7
2424 4
2425 8
2426 8
2427 13
2428 11
2429 8
2430 13
2431 8
2432 8
2433 8
2434 13
2435 8
2436 10
2437 9
2438 8
2439 13
2440 6
2441 13
2442 8
2443 4
2444 11
2445 5
2446 4
2447 13
2448 6
2449 8
2450 6
2451 8
2452 4
2453 8
2454 8
2455 13
2456 8
2457 8
2458 1
2459 3
2460 6
2461 12
2462 10
2463 2
2464 13
2465 4
2466 4
2467 3
2468 3
2469 11
2470 11
2471 2
2472 4
2473 9
2474 9
2475 6
2476 9
2477 3
2478 4
2479 3
2480 2
2481 8
2482 9
2483 3
2484 4
2485 4
2486 4
2487 8
2488 9
2489 8
2490 12
2491 3
2492 4
2493 4
2494 4
2495 13
2496 13
2497 9
2498 13
2499 9
2500 3
2501 4
2502 2
2503 8
2504 3
2505 12
2506 4
2507 4
2508 13
2509 4
2510 4
2511 12
2512 6
2513 2
2514 12
2515 4
2516 4
2517 3
2518 12
2519 4
2520 8
2521 6
2522 3
2523 9
2524 4
2525 2
2526 6
2527 1
2528 9
2529 10
2530 9
2531 9
2532 9
2533 4
2534 9
2535 3
2536 13
2537 8
2538 6
2539 13
2540 6
2541 6
2542 6
2543 8
2544 9
2545 9
2546 3
2547 4
2548 9
2549 6
2550 9
2551 9
2552 4
2553 4
2554 13
2555 4
2556 3
2557 2
2558 12
2559 6
2560 2
2561 13
2562 12
2563 9
2564 6
2565 4
2566 3
2567 4
2568 6
2569 10
2570 13
2571 4
2572 4
2573 4
2574 2
2575 2
2576 2
2577 4
2578 13
2579 9
2580 9
2581 13
2582 4
2583 13
2584 1
2585 13
2586 3
2587 4
2588 13
2589 13
2590 13
2591 4
2592 13
2593 13
2594 4
2595 13
2596 13
2597 13
2598 13
2599 3
2600 13
2601 11
2602 4
2603 6
2604 6
2605 3
2606 8
2607 6
2608 2
2609 2
2610 4
2611 3
2612 3
2613 3
2614 3
2615 13
2616 3
2617 9
