* Actors  1076 
* Number of Binary Attributes =  0 
* Number of Continuous Attributes =  3 
* Number of Categorical Attributes =  3 
Binary Attributes:
id
1
2
3
4
5
6
7
8
9
10
11
12
13
14
15
16
17
18
19
20
21
22
23
24
25
26
27
28
29
30
31
32
33
34
35
36
37
38
39
40
41
42
43
44
45
46
47
48
49
50
51
52
53
54
55
56
57
58
59
60
61
62
63
64
65
66
67
68
69
70
71
72
73
74
75
76
77
78
79
80
81
82
83
84
85
86
87
88
89
90
91
92
93
94
95
96
97
98
99
100
101
102
103
104
105
106
107
108
109
110
111
112
113
114
115
116
117
118
119
120
121
122
123
124
125
126
127
128
129
130
131
132
133
134
135
136
137
138
139
140
141
142
143
144
145
146
147
148
149
150
151
152
153
154
155
156
157
158
159
160
161
162
163
164
165
166
167
168
169
170
171
172
173
174
175
176
177
178
179
180
181
182
183
184
185
186
187
188
189
190
191
192
193
194
195
196
197
198
199
200
201
202
203
204
205
206
207
208
209
210
211
212
213
214
215
216
217
218
219
220
221
222
223
224
225
226
227
228
229
230
231
232
233
234
235
236
237
238
239
240
241
242
243
244
245
246
247
248
249
250
251
252
253
254
255
256
257
258
259
260
261
262
263
264
265
266
267
268
269
270
271
272
273
274
275
276
277
278
279
280
281
282
283
284
285
286
287
288
289
290
291
292
293
294
295
296
297
298
299
300
301
302
303
304
305
306
307
308
309
310
311
312
313
314
315
316
317
318
319
320
321
322
323
324
325
326
327
328
329
330
331
332
333
334
335
336
337
338
339
340
341
342
343
344
345
346
347
348
349
350
351
352
353
354
355
356
357
358
359
360
361
362
363
364
365
366
367
368
369
370
371
372
373
374
375
376
377
378
379
380
381
382
383
384
385
386
387
388
389
390
391
392
393
394
395
396
397
398
399
400
401
402
403
404
405
406
407
408
409
410
411
412
413
414
415
416
417
418
419
420
421
422
423
424
425
426
427
428
429
430
431
432
433
434
435
436
437
438
439
440
441
442
443
444
445
446
447
448
449
450
451
452
453
454
455
456
457
458
459
460
461
462
463
464
465
466
467
468
469
470
471
472
473
474
475
476
477
478
479
480
481
482
483
484
485
486
487
488
489
490
491
492
493
494
495
496
497
498
499
500
501
502
503
504
505
506
507
508
509
510
511
512
513
514
515
516
517
518
519
520
521
522
523
524
525
526
527
528
529
530
531
532
533
534
535
536
537
538
539
540
541
542
543
544
545
546
547
548
549
550
551
552
553
554
555
556
557
558
559
560
561
562
563
564
565
566
567
568
569
570
571
572
573
574
575
576
577
578
579
580
581
582
583
584
585
586
587
588
589
590
591
592
593
594
595
596
597
598
599
600
601
602
603
604
605
606
607
608
609
610
611
612
613
614
615
616
617
618
619
620
621
622
623
624
625
626
627
628
629
630
631
632
633
634
635
636
637
638
639
640
641
642
643
644
645
646
647
648
649
650
651
652
653
654
655
656
657
658
659
660
661
662
663
664
665
666
667
668
669
670
671
672
673
674
675
676
677
678
679
680
681
682
683
684
685
686
687
688
689
690
691
692
693
694
695
696
697
698
699
700
701
702
703
704
705
706
707
708
709
710
711
712
713
714
715
716
717
718
719
720
721
722
723
724
725
726
727
728
729
730
731
732
733
734
735
736
737
738
739
740
741
742
743
744
745
746
747
748
749
750
751
752
753
754
755
756
757
758
759
760
761
762
763
764
765
766
767
768
769
770
771
772
773
774
775
776
777
778
779
780
781
782
783
784
785
786
787
788
789
790
791
792
793
794
795
796
797
798
799
800
801
802
803
804
805
806
807
808
809
810
811
812
813
814
815
816
817
818
819
820
821
822
823
824
825
826
827
828
829
830
831
832
833
834
835
836
837
838
839
840
841
842
843
844
845
846
847
848
849
850
851
852
853
854
855
856
857
858
859
860
861
862
863
864
865
866
867
868
869
870
871
872
873
874
875
876
877
878
879
880
881
882
883
884
885
886
887
888
889
890
891
892
893
894
895
896
897
898
899
900
901
902
903
904
905
906
907
908
909
910
911
912
913
914
915
916
917
918
919
920
921
922
923
924
925
926
927
928
929
930
931
932
933
934
935
936
937
938
939
940
941
942
943
944
945
946
947
948
949
950
951
952
953
954
955
956
957
958
959
960
961
962
963
964
965
966
967
968
969
970
971
972
973
974
975
976
977
978
979
980
981
982
983
984
985
986
987
988
989
990
991
992
993
994
995
996
997
998
999
1000
1001
1002
1003
1004
1005
1006
1007
1008
1009
1010
1011
1012
1013
1014
1015
1016
1017
1018
1019
1020
1021
1022
1023
1024
1025
1026
1027
1028
1029
1030
1031
1032
1033
1034
1035
1036
1037
1038
1039
1040
1041
1042
1043
1044
1045
1046
1047
1048
1049
1050
1051
1052
1053
1054
1055
1056
1057
1058
1059
1060
1061
1062
1063
1064
1065
1066
1067
1068
1069
1070
1071
1072
1073
1074
1075
1076
Continuous Attributes:
id x y z 
1 110.903 76.635 43.5341
2 110.47 51.4204 19.0781
3 111.414 31.6394 37.3335
4 109.895 71.8349 66.4301
5 110.409 74.9627 6.94781
6 109.39 43.1257 46.9734
7 110.818 35.3267 47.8047
8 112.881 112.827 73.6437
9 111.476 22.495 61.8511
10 110.402 61.3097 12.1913
11 112.056 65.9462 46.0443
12 110.135 31.2547 21.6806
13 111.697 105.268 73.5478
14 110.294 98.2375 39.2558
15 111.116 58.1253 35.2491
16 112.443 30.5337 58.8661
17 110.211 90.0079 67.7788
18 110.633 57.2791 24.6456
19 110.384 75.5867 56.6453
20 110.916 36.5463 69.5713
21 111.005 82.8188 16.1977
22 111.293 50.66 33.1565
23 112.627 110.175 61.012
24 110.514 101.053 63.6375
25 111.025 41.041 21.9991
26 111.609 11.4086 38.8862
27 111.72 83.6601 51.9281
28 111.05 91.8298 19.6652
29 111.439 14.0373 59.4703
30 110.332 58.2764 45.8566
31 110.684 27.6379 68.0747
32 110.073 55.7768 4.55077
33 110.927 20.315 11.4163
34 110.599 99.5103 15.6021
35 109.106 53.5604 69.3058
36 111.074 22.6618 35.6207
37 65.0033 16.3004 49.3135
38 60.1844 84.0635 38.6008
39 64.3569 93.5053 29.4517
40 59.7545 61.751 46.8431
41 61.8513 98.5053 13.0385
42 60.8066 25.8143 17.3652
43 60.5686 105.583 67.3727
44 60.7536 43.8498 70.5699
45 60.5817 55.1784 28.4735
46 58.1994 76.7234 76.4259
47 66.5591 42.2767 51.3374
48 62.0874 72.9402 34.6915
49 61.7104 77.6089 18.3711
50 61.5288 73.4554 61.3395
51 61.0102 28.7697 44.341
52 59.8907 56.8679 74.2712
53 61.8857 50.3555 62.8505
54 56.7004 54.5388 11.698
55 60.4697 24.6134 71.5653
56 60.3352 103.332 27.7428
57 65.0894 103.505 52.5483
58 60.4738 67.5254 34.7516
59 58.2025 30.9193 54.662
60 62.5789 39.7199 46.1916
61 55.7259 61.3455 24.1608
62 60.0908 74.7149 69.5634
63 57.6398 23.2615 32.4042
64 62.0496 29.3945 36.2165
65 61.5081 56.7376 40.8054
66 61.5133 58.4325 22.0025
67 63.9436 18.2802 56.5467
68 62.5066 91.9842 39.6827
69 64.2206 81.3009 48.1856
70 63.9117 45.5567 47.6661
71 63.8208 66.7609 58.761
72 60.6614 51.3645 53.1461
73 62.9402 72.7349 71.6465
74 57.838 45.0367 33.2678
75 61.3032 103.316 32.6421
76 63.0735 58.2739 64.1066
77 61.7453 90.1267 26.0945
78 58.8884 78.5105 70.0175
79 58.6894 74.7877 43.9932
80 58.2483 51.8947 25.9011
81 63.0798 73.9757 56.7201
82 61.6847 20.7715 74.0266
83 59.3492 81.0667 34.5922
84 64.3572 75.1932 9.1535
85 59.2884 97.4826 72.9921
86 67.3316 45.9019 47.6686
87 60.0851 65.949 30.5635
88 59.6024 40.9509 27.474
89 68.2945 83.2621 28.7561
90 59.5818 34.035 18.1101
91 59.5435 20.0559 36.2538
92 64.4213 95.312 17.1285
93 67.2991 60.2452 23.965
94 62.4472 75.5297 50.4978
95 61.2333 42.3703 53.4646
96 62.9391 21.6492 31.2834
97 62.8782 52.412 47.2326
98 61.1209 38.7179 14.6316
99 60.1982 88.3079 61.8706
100 62.3776 48.1693 35.7717
101 62.3938 81.9257 32.9815
102 64.9245 16.6874 66.8873
103 65.6098 103.097 31.0592
104 69.996 107.503 43.9249
105 65.6883 71.4499 50.2791
106 64.1101 77.3369 71.09
107 64.9006 58.0815 70.7024
108 61.6167 84.8435 12.7258
109 63.4885 88.9512 52.4998
110 62.4805 108.522 71.8088
111 67.3177 20.2214 28.3168
112 68.6391 34.7898 72.5006
113 69.2384 58.0805 43.8333
114 67.305 80.0177 31.8892
115 67.1352 42.2722 16.6044
116 69.5638 18.0954 41.8235
117 67.2701 57.8073 64.1876
118 62.0573 37.6476 51.4607
119 62.0176 74.5744 23.6538
120 65.0122 76.0479 36.934
121 62.0734 87.3473 32.4709
122 61.2661 52.566 9.21843
123 64.114 65.9156 37.76
124 63.3087 107.473 63.8668
125 63.3612 52.6224 40.4147
126 64.3559 106.773 34.7107
127 63.4642 80.5499 42.0892
128 64.0442 109.198 57.7083
129 60.6995 93.3755 73.7906
130 63.3566 100.573 25.7475
131 65.1829 27.162 23.577
132 60.2457 83.6808 64.5359
133 60.5134 60.5752 25.3525
134 62.515 38.2338 29.0347
135 64.411 99.3947 46.5828
136 62.2798 69.0662 62.9682
137 63.8354 22.6582 69.8695
138 67.724 99.4803 53.0489
139 61.3697 36.4105 41.6834
140 65.5403 26.3847 60.466
141 59.5672 82.9634 72.9233
142 69.1047 83.3433 50.5379
143 65.4488 27.0836 41.0184
144 67.5205 107.333 13.0185
145 69.3252 65.54 35.0495
146 64.6706 30.9114 75.9574
147 64.9529 108.529 49.3539
148 63.0831 79.5928 53.7505
149 59.5875 62.1506 18.8872
150 63.7272 60.3653 59.9326
151 62.4662 91.6525 65.6926
152 61.8837 34.3367 50.6625
153 63.21 63.6637 28.1436
154 63.0429 16.7819 29.3738
155 63.3667 27.5473 54.9875
156 65.1894 23.5257 16.7258
157 59.1804 48.9151 20.3667
158 61.8409 49.7187 73.5845
159 59.7936 95.817 53.0943
160 61.3401 78.1967 58.5443
161 58.3102 38.4028 32.0543
162 62.6506 93.2897 21.3512
163 58.6864 55.5039 52.5759
164 59.156 32.1178 41.1679
165 62.7148 42.5132 62.211
166 60.0538 14.393 32.5721
167 65.7698 107.544 43.0443
168 58.8366 36.9485 25.2359
169 63.752 74.3391 64.6359
170 63.9937 85.9101 37.6086
171 59.0042 63.9045 24.5167
172 60.5807 12.7977 11.5316
173 68.8446 94.3264 20.608
174 59.3865 35.8941 55.6157
175 60.4038 28.4503 58.626
176 61.5442 34.2285 71.6938
177 61.3821 56.6855 10.3072
178 62.6231 71.6042 16.1593
179 61.3597 18.3863 48.3974
180 63.6757 69.786 46.8889
181 63.9231 34.0316 12.2315
182 62.7304 88.7541 12.4575
183 69.2173 78.24 24.1001
184 65.7261 41.8927 24.1027
185 69.1517 88.5769 48.2271
186 67.4891 58.891 10.7285
187 67.9528 75.5958 71.005
188 68.9433 23.8781 39.2934
189 69.9406 37.4274 41.342
190 68.1276 30.1967 29.6494
191 69.4362 57.8761 56.4054
192 66.5067 89.5031 69.3191
193 71.0877 98.9903 46.7472
194 70.1043 90.6395 26.0955
195 67.391 54.6436 25.5457
196 69.4746 103.937 54.7618
197 64.9194 81.6102 74.317
198 68.2935 21.3458 10.6089
199 70.8211 16.4513 65.3175
200 69.2107 27.0653 76.5753
201 68.3965 61.9981 47.974
202 67.7381 31.4021 55.1582
203 68.2532 71.4973 56.3777
204 67.899 102.683 68.2395
205 70.0932 64.5289 40.5884
206 68.6204 22.1806 70.1079
207 69.2699 52.0129 47.6664
208 68.7691 79.4213 54.4492
209 70.2773 44.0018 40.8824
210 68.0475 109.307 72.542
211 70.4941 103.051 40.1669
212 69.3407 29.6096 14.1041
213 69.1458 74.7008 49.4406
214 67.7487 69.185 17.8568
215 67.9053 90.7898 61.5746
216 68.055 57.9418 70.9476
217 71.1174 14.0091 71.5537
218 65.7215 48.1042 21.2573
219 68.9699 95.2485 12.7373
220 63.9912 26.1793 12.1863
221 62.5291 23.0645 52.5729
222 69.6907 14.2686 34.9131
223 68.8563 44.7724 55.9114
224 114.469 59.4712 3.68719
225 109.637 54.5155 9.90107
226 111.936 106.961 52.332
227 67.0325 36.3583 15.6913
228 68.2224 86.0586 56.1276
229 68.5813 77.705 65.5239
230 66.2794 70.5513 38.2251
231 68.041 70.8553 64.2143
232 63.42 75.0651 44.5097
233 67.6283 35.5799 26.6483
234 67.2469 78.9924 44.4299
235 66.3353 28.5888 51.0414
236 65.2445 42.3633 58.3234
237 64.9606 21.3296 63.4436
238 67.7286 113.398 67.7197
239 68.4658 65.4027 53.9642
240 64.4307 43.0398 41.1605
241 66.8459 32.544 19.786
242 60.5713 34.2725 36.4217
243 63.4128 58.255 15.3707
244 66.8823 73.2848 10.1781
245 68.4488 72.3426 44.5363
246 67.6819 16.6037 57.4377
247 67.6493 85.4246 33.4862
248 64.0446 44.9315 72.5109
249 68.0673 62.8209 68.7101
250 65.2931 89.9252 75.2523
251 68.6649 103.956 48.5157
252 66.3147 32.2069 68.7896
253 66.365 46.1861 62.6103
254 64.2611 31.252 61.7898
255 65.9302 90.1065 35.5728
256 66.5395 108.353 20.9339
257 69.1763 60.154 35.0433
258 62.0914 38.2694 35.3105
259 63.4697 12.0541 35.4746
260 63.6033 50.3857 26.1464
261 67.8135 80.3756 38.3117
262 66.5484 13.2484 27.4092
263 66.6786 52.0016 61.9227
264 68.3237 50.8506 33.0766
265 68.6259 35.5459 64.1045
266 68.9585 100.434 23.0264
267 65.6415 95.9182 66.0815
268 68.9048 93.7857 53.9149
269 70.0957 100.161 31.8034
270 62.7036 24.496 36.0804
271 66.8065 52.2959 10.1202
272 68.3566 72.3728 24.3064
273 67.8169 76.5484 59.5209
274 67.9047 52.1224 53.3018
275 61.7786 49.0992 44.651
276 62.921 98.0805 39.8864
277 61.8102 88.4906 57.8002
278 67.4044 62.2147 18.1522
279 62.1707 71.2241 40.7288
280 54.7844 38.1704 28.134
281 63.8865 57.5794 44.4273
282 68.5276 51.5518 41.4595
283 67.1626 95.4002 38.1494
284 64.5694 63.5474 21.8518
285 64.6139 96.6112 73.259
286 66.0951 102.93 74.8468
287 68.6561 27.0748 19.4224
288 65.7416 68.4897 32.3043
289 68.0493 37.1815 52.9638
290 68.3238 85.4152 43.1109
291 63.2264 43.5879 15.9936
292 68.1328 82.0847 12.8637
293 70.1397 33.8832 44.8473
294 68.8162 74.2145 39.6703
295 64.9046 98.4359 32.5716
296 63.4433 112.035 63.6708
297 63.4949 92.6254 47.6984
298 62.605 47.4946 56.5801
299 63.4528 70.1274 28.0363
300 68.3248 85.2381 20.5464
301 66.3726 19.2362 41.4052
302 68.4869 39.1288 47.1224
303 61.6196 47.7909 12.4936
304 66.9357 58.0848 30.1392
305 64.0279 37.2354 75.6787
306 66.9201 99.2468 16.3721
307 61.0021 64.0481 70.7932
308 68.5217 88.2123 12.8455
309 60.785 22.8173 45.0817
310 63.2102 80.201 12.1733
311 60.5658 66.6157 13.9431
312 63.4792 94.5093 10.3988
313 64.4027 39.229 9.11255
314 64.2006 37.0573 57.941
315 60.3554 96.5339 30.8607
316 67.5689 34.5702 37.3172
317 60.24 101.75 53.0931
318 111.585 64.139 39.178
319 112.346 11.3197 16.0372
320 110.912 97.3049 71.1055
321 113.499 103.322 25.8189
322 65.6374 25.2175 30.0469
323 64.2904 63.6009 33.3193
324 66.911 95.9753 59.6852
325 66.5482 42.3302 65.6508
326 65.3901 85.8067 64.8158
327 67.9883 23.6896 55.5648
328 65.7219 96.3285 43.7076
329 69.6587 104.953 35.7373
330 69.245 39.1876 34.5716
331 67.2113 77.3353 16.8463
332 70.7318 22.6749 61.8846
333 67.995 20.1953 33.4674
334 68.689 56.0246 39.0341
335 60.4985 27.1355 28.3908
336 62.7875 65.5525 51.2176
337 60.9911 54.5727 59.4095
338 62.3549 28.9728 68.7279
339 62.9722 45.7702 30.9765
340 62.388 58.1278 35.8575
341 64.4618 63.0842 44.4651
342 67.0276 66.4181 11.7753
343 61.705 36.0188 64.0358
344 65.6359 75.3399 31.6231
345 67.0424 13.3974 43.1933
346 62.0427 87.3669 43.4659
347 63.2692 83.9244 53.9368
348 62.2433 17.0371 11.4627
349 63.5242 33.1514 46.4251
350 64.3185 79.6678 24.4416
351 67.4981 26.3939 45.9811
352 64.0778 86.2807 19.3129
353 68.4806 109.971 29.3312
354 68.4074 90.5431 41.5923
355 61.8879 48.8996 20.5958
356 62.9179 62.1816 55.3727
357 63.2854 69.0325 20.3506
358 112.604 18.6867 52.2977
359 109.993 16.385 69.7977
360 111.78 25.6024 53.7291
361 110.603 16.9719 21.9169
362 110.489 68.8711 59.0189
363 111.67 70.5665 37.5998
364 110.595 23.6765 18.7784
365 109.84 104.846 32.3521
366 111.859 44.642 33.2108
367 110.704 82.1684 24.6564
368 110.164 45.095 56.7798
369 109.563 43.2094 11.3459
370 110.887 83.8097 62.3875
371 65.7447 82.344 60.3969
372 64.6897 49.6115 68.191
373 64.6287 55.4984 54.2485
374 69.2163 107.227 60.1034
375 69.2396 65.845 26.6123
376 66.901 90.3754 21.3623
377 67.7857 46.0535 35.8799
378 67.9063 57.9486 50.9292
379 110.595 90.8335 60.5508
380 110.344 60.8518 60.5041
381 110.792 89.7308 42.0627
382 110.354 37.551 34.2624
383 109.493 53.7816 59.7739
384 110.98 106.121 5.92963
385 112.488 9.22169 24.7435
386 111.24 92.3018 48.7337
387 111.315 98.9233 51.3756
388 109.921 51.8157 51.9156
389 111.582 73.322 31.2311
390 52.9106 29.5836 28.3917
391 50.7092 46.8174 78.8182
392 47.6025 17.5169 28.967
393 57.9385 83.3828 29.8766
394 46.0316 52.9879 29.579
395 51.5454 39.1751 43.4555
396 49.8131 84.5107 75.0182
397 51.4583 49.2934 47.0789
398 58.0636 51.6956 49.2952
399 56.8392 102.951 65.552
400 51.7232 101.548 22.0114
401 51.2847 27.2946 58.1999
402 57.374 106.503 26.5788
403 45.4966 41.9975 26.3836
404 54.3053 54.1263 21.5734
405 48.8259 63.9992 62.9179
406 59.2583 70.2854 19.0576
407 51.2136 70.2217 14.6904
408 48.6006 22.406 38.5424
409 51.1953 47.3242 65.5686
410 49.4699 90.013 58.3974
411 57.6794 43.5444 16.3343
412 58.9162 80.8447 8.71903
413 52.595 74.4256 45.0881
414 48.2849 22.493 29.873
415 48.9121 68.992 61.3168
416 54.6283 96.6882 19.8889
417 51.7414 90.5081 62.8997
418 51.5145 42.8723 25.066
419 58.2191 19.7579 63.9506
420 56.489 43.8218 75.0743
421 55.2936 66.033 27.5962
422 54.9338 84.2033 22.062
423 56.7357 113.466 54.482
424 51.3786 26.4607 23.1816
425 55.0946 63.0215 17.373
426 51.6702 105.349 62.8633
427 50.8304 84.0991 69.3104
428 50.4869 77.3547 25.3585
429 55.348 88.4697 55.7493
430 51.8967 72.532 63.9973
431 52.9846 79.6813 9.44583
432 54.3379 20.4668 60.6386
433 55.0078 42.2828 40.8702
434 51.4853 13.6771 35.4758
435 54.436 35.8998 57.0195
436 51.6426 56.0684 31.6397
437 54.5261 94.5556 31.1173
438 56.5314 50.4672 62.3421
439 51.3336 94.7638 59.7657
440 54.9466 85.4322 42.5151
441 52.6401 30.2394 34.8653
442 60.9092 103.468 38.9029
443 49 38.0249 26.995
444 54.87 59.1824 60.341
445 49.7383 59.4969 47.2557
446 51.946 71.3666 75.276
447 56.0856 39.0652 16.4437
448 58.931 32.3897 12.2605
449 57.8418 34.1988 68.6134
450 51.5498 31.8709 67.3794
451 53.9119 55.5884 56.4293
452 49.9054 25.1622 53.5456
453 58.5848 70.5789 47.0889
454 53.3647 75.8492 17.2962
455 49.8343 59.3273 23.0077
456 54.9152 32.4996 16.2745
457 49.6527 95.6278 33.13
458 54.3886 44.7346 37.3996
459 55.6328 68.4278 63.1386
460 55.1943 74.2765 28.722
461 51.6295 100.988 43.4857
462 52.6096 40.1206 50.9737
463 56.8265 16.7746 68.503
464 53.1981 113.676 60.2706
465 47.9184 19.6137 43.6227
466 53.8633 24.7352 9.26006
467 56.5977 109.952 42.7596
468 54.653 99.6998 53.9718
469 49.6896 84.6807 61.0953
470 55.8679 90.0706 28.3001
471 56.9027 62.932 69.0835
472 53.264 69.6625 45.7141
473 61.2405 108.809 42.6554
474 54.2859 42.9195 66.8459
475 55.9104 58.705 34.188
476 54.9634 35.0218 43.5123
477 53.0862 45.0018 72.3065
478 56.827 20.1273 72.7009
479 45.8908 71.6525 60.4243
480 50.2849 86.7578 36.783
481 58.4463 107.253 20.6955
482 56.5874 94.0295 56.955
483 52.3629 63.7612 54.5552
484 52.2232 73.226 70.488
485 54.5044 29.0132 69.2254
486 57.3262 79.6297 27.2669
487 53.9233 67.7324 14.7477
488 44.1328 31.6185 26.0035
489 54.7101 44.6064 48.2235
490 51.3444 35.7076 17.1487
491 55.1255 100.031 47.5546
492 55.3643 58.7695 19.9359
493 51.3669 48.4856 41.3048
494 48.4737 77.0911 10.7027
495 55.8559 51.4788 43.2184
496 54.0619 80.3919 55.2366
497 54.3523 20.4578 53.9178
498 54.7679 89.174 18.0873
499 50.3208 13.9161 14.9631
500 53.5156 86.3356 26.312
501 52.2915 64.7574 41.4395
502 51.3378 54.7552 11.7871
503 55.016 88.8388 49.2802
504 52.5662 91.7397 25.097
505 49.8294 50.2811 25.9859
506 55.2112 48.4598 11.8017
507 55.9293 71.5322 36.1102
508 48.9516 56.0891 40.3171
509 50.5155 22.8431 43.1745
510 49.6665 38.8993 14.1604
511 52.6075 32.6163 61.1514
512 51.9243 91.5355 47.0418
513 52.9185 24.7286 35.2712
514 52.9898 101.084 35.2387
515 54.4048 83.4594 35.7213
516 59.1909 109.412 56.3864
517 49.4449 57.8649 14.9079
518 54.531 96.0936 65.8205
519 47.3203 91.0174 41.3257
520 56.15 31.5924 48.9618
521 54.3263 61.6041 38.3573
522 52.3406 79.0363 42.977
523 56.1093 67.1429 77.4338
524 58.5131 67.7791 58.051
525 53.2609 64.1333 60.1781
526 52.4286 87.7795 12.9486
527 54.3355 79.2919 78.2283
528 51.6519 21.7476 25.0472
529 54.5016 17.2871 21.7042
530 50.194 37.126 32.2011
531 54.5982 17.9335 77.0667
532 51.7576 49.5466 69.1714
533 49.0899 64.668 23.1361
534 53.9183 37.4906 21.9112
535 51.4143 109.343 45.4849
536 52.1817 42.1324 17.8482
537 53.4948 30.6844 40.873
538 55.0549 74.6567 40.4431
539 50.64 62.7343 26.7004
540 54.93 80.1725 19.3022
541 53.8252 20.665 30.7444
542 48.6888 20.5573 34.373
543 52.6913 53.0343 40.353
544 53.9337 59.5488 53.9149
545 57.5437 81.807 52.2065
546 49.1909 45.3127 35.7986
547 51.6541 58.9156 9.20299
548 55.2704 108.694 36.0069
549 49.5435 85.3968 31.4364
550 55.4774 99.8811 60.2853
551 56.0854 22.5751 19.1012
552 53.2881 94.2704 36.9664
553 53.2319 57.2012 24.3624
554 46.9758 63.7522 16.1111
555 54.022 74.3489 54.1529
556 54.2416 65.9761 48.005
557 52.0742 84.7652 46.9927
558 55.3184 49.7703 37.8859
559 54.0231 46.898 32.8903
560 56.0779 103.76 57.0725
561 54.2464 14.7042 29.6798
562 52.9029 70.1986 23.5611
563 60.4979 113.592 50.8494
564 57.1474 63.4807 32.2337
565 54.4164 70.7719 18.2421
566 54.1405 33.5188 37.2132
567 53.8832 105.537 32.5613
568 57.3125 26.3321 40.3951
569 56.9613 25.5207 47.0092
570 55.859 41.2327 22.4759
571 51.2321 47.4423 18.7398
572 55.8315 56.6819 40.2321
573 50.0541 66.2475 52.1195
574 55.4402 80.312 46.1685
575 56.7519 16.1197 13.9341
576 56.7515 92.4531 20.984
577 58.3311 44.6631 61.7044
578 56.9137 84.9083 15.8438
579 59.832 63.3151 60.847
580 54.3199 83.7672 63.6344
581 58.412 29.7373 19.2157
582 57.394 13.5543 22.3677
583 55.5008 109.301 70.671
584 51.1946 21.2656 18.9726
585 53.8683 48.2936 23.1876
586 56.9177 44.4385 53.9349
587 55.2406 27.2203 51.3745
588 56.926 73.2287 65.265
589 57.1699 37.9056 50.8047
590 55.3554 68.8883 67.1385
591 56.9181 78.5718 36.4831
592 57.4627 96.9082 42.9771
593 60.3913 100.523 18.4297
594 56.2973 90.2064 67.0208
595 54.3116 15.9456 57.2252
596 58.9652 47.7716 68.6228
597 59.0414 52.5454 69.2825
598 53.932 42.3903 58.0845
599 55.9428 24.6824 60.3421
600 56.8171 39.6963 69.6799
601 56.3873 30.7142 77.4671
602 56.3914 32.9144 73.4672
603 54.7693 108.188 59.8902
604 55.263 91.3663 11.5745
605 49.2749 33.2753 13.8159
606 51.0673 103.817 27.6588
607 49.4541 86.9075 42.9198
608 51.7386 69.7662 54.8957
609 54.6611 61.4145 43.8461
610 56.4637 95.7742 61.6688
611 52.801 82.354 27.0493
612 49.4229 64.025 12.0805
613 49.7385 16.9586 55.723
614 47.7638 45.9042 71.7019
615 47.0783 49.2917 39.6217
616 55.9541 108.281 65.8493
617 55.1959 90.2328 44.2484
618 50.1542 36.4075 68.9778
619 52.1672 89.7079 68.3261
620 48.4125 26.1159 8.50117
621 47.3813 83.7538 53.8069
622 53.1277 59.4008 49.747
623 48.8969 12.2036 32.307
624 51.5907 32.612 51.9569
625 48.6738 38.9185 59.8883
626 55.4917 20.6396 36.939
627 49.9198 56.5694 70.0422
628 54.4868 104.378 17.0325
629 50.974 61.6885 19.9584
630 48.2074 80.0556 69.8854
631 49.6142 16.0385 71.3277
632 53.5022 18.2015 14.8944
633 49.0147 78.4168 64.4983
634 51.8456 94.3474 15.2283
635 47.9505 70.4677 22.657
636 48.5129 69.0448 67.952
637 51.1655 25.9398 49.3709
638 52.1776 83.1587 11.9449
639 46.8182 36.6376 19.3238
640 52.4466 79.6028 31.8903
641 50.4145 99.5884 37.6818
642 47.9128 30.2653 27.0903
643 55.2031 54.0764 28.9108
644 50.694 19.5122 65.1002
645 48.6586 48.5709 10.216
646 50.9791 82.2693 38.5256
647 50.3839 19.185 49.6835
648 49.9534 91.4527 35.0433
649 48.9867 59.5106 59.7314
650 51.6698 65.5016 31.677
651 47.2815 46.6237 49.9314
652 50.2258 42.2472 31.0956
653 50.4008 50.6448 53.8454
654 56.1623 24.9266 54.8706
655 50.2508 53.8726 59.4764
656 56.4719 20.2734 45.2708
657 51.6152 44.8909 13.431
658 49.289 79.1637 57.7192
659 53.3826 37.3518 63.1102
660 51.7491 71.0902 49.5332
661 55.5748 100.889 31.5888
662 52.1491 80.551 73.0238
663 52.887 40.1321 72.5769
664 53.0342 103.429 11.412
665 53.1695 24.8266 64.8473
666 60.137 108.19 33.0812
667 55.1347 77.926 23.0828
668 54.1646 56.8435 44.9612
669 50.1322 27.3742 43.7774
670 52.0428 83.313 51.7822
671 52.702 92.7779 40.0317
672 51.1434 51.0974 34.0559
673 49.2197 68.1634 19.3685
674 53.7914 98.2808 12.2143
675 51.7081 23.2965 13.5198
676 54.4083 69.9333 41.2083
677 53.0522 62.6778 65.504
678 60.078 109.143 48.7903
679 54.3724 88.2823 32.6897
680 50.3423 44.1172 51.7759
681 49.9032 54.9486 18.4067
682 53.52 25.527 30.6217
683 53.8109 95.454 45.8256
684 51.3743 17.1968 38.8643
685 54.7104 66.7517 35.3637
686 52.4657 84.1526 58.4301
687 48.3038 46.1046 55.2319
688 54.1721 108.232 55.0249
689 46.908 57.6347 26.8001
690 50.7134 101.585 17.3809
691 48.2233 12.2338 23.5513
692 48.6112 75.1105 41.1282
693 47.0609 74.5942 68.9036
694 44.8266 22.1268 45.3134
695 47.6717 59.6889 55.5003
696 52.4683 27.8481 18.3556
697 49.7015 21.5406 69.0711
698 45.9236 39.5461 22.8121
699 45.5587 16.232 37.9712
700 49.2616 99.8487 60.0363
701 42.4692 72.9773 28.0441
702 51.9606 94.2386 54.003
703 47.4901 80.3347 28.5379
704 49.7585 105.427 20.1534
705 47.9848 70.5346 72.8615
706 46.1114 76.3565 60.057
707 41.3933 61.1204 67.0513
708 49.2204 28.6068 63.359
709 49.6887 57.2118 36.4029
710 46.5027 75.5769 21.4272
711 47.106 80.3183 21.7022
712 49.1534 41.6725 55.7816
713 48.5227 16.1932 62.202
714 42.9847 52.7955 65.0259
715 49.7564 107.001 57.9869
716 52.4742 97.2262 25.1306
717 50.8546 39.0731 38.6607
718 49.4555 60.9346 41.4421
719 43.9028 55.9044 10.7353
720 51.1676 92.0001 19.8522
721 44.8928 104.222 25.983
722 53.3262 102.88 39.5999
723 46.4823 71.8323 65.3876
724 42.9151 77.4005 47.7266
725 48.0052 97.299 11.5267
726 46.9693 53.041 73.3313
727 45.6778 88.8196 36.7476
728 50.949 110.943 41.4479
729 46.8035 91.1903 54.0251
730 47.5419 97.856 18.1279
731 47.4534 96.279 57.1883
732 50.8402 65.4271 76.8645
733 45.8215 85.6956 49.3243
734 46.2945 58.7878 32.2004
735 48.0888 93.8527 47.4147
736 47.4564 86.0155 65.8794
737 44.2669 49.8824 36.1945
738 48.7958 100.04 26.732
739 47.784 53.9568 44.8588
740 48.828 89.0724 27.1787
741 42.6029 82.7702 17.9243
742 47.7663 16.457 17.6025
743 48.2132 34.0972 45.0165
744 47.9961 104.599 40.2434
745 51.2609 80.2341 16.0383
746 47.7379 96.0038 22.6679
747 51.3221 30.9611 55.7403
748 45.6138 11.6956 18.9962
749 48.6845 18.8707 13.0919
750 48.6467 100.113 54.7225
751 44.9498 79.6335 66.7388
752 46.086 55.0902 34.1494
753 48.3911 46.1866 59.9449
754 46.6359 38.3316 66.081
755 49.7655 99.7156 31.9292
756 45.0244 91.405 61.8554
757 44.9748 83.2485 69.9494
758 50.5659 40.3041 47.6135
759 47.2564 34.8292 36.67
760 39.2629 59.1452 23.9826
761 48.4183 96.2641 65.1047
762 46.6866 78.2136 34.3378
763 45.6667 66.542 9.65805
764 45.6379 60.6753 8.63592
765 44.6806 46.3419 27.4705
766 50.475 62.8931 35.6219
767 49.046 54.4598 53.585
768 49.1592 91.6595 30.1582
769 41.8734 66.1869 45.96
770 43.6991 30.9832 19.5064
771 50.7906 99.9929 64.7937
772 49.0914 31.8633 48.2276
773 49.768 67.9891 38.1593
774 45.9581 70.7599 15.3376
775 47.4287 16.8022 52.4935
776 50.4341 50.8658 61.8773
777 47.8658 29.3194 35.3664
778 47.2782 47.3694 32.0008
779 51.6246 110.183 63.4001
780 45.8674 59.1535 51.4464
781 49.5734 35.0004 65.066
782 50.664 44.8569 45.4782
783 49.8013 97.6676 41.1676
784 48.9296 22.0736 55.7546
785 48.3653 66.4486 57.7612
786 47.9079 75.2842 16.4473
787 43.2652 17.1296 44.5949
788 50.565 108.368 36.5541
789 47.8055 53.7504 25.1062
790 48.3659 106.31 10.1897
791 51.5716 68.2893 28.2944
792 47.4288 76.7803 73.3521
793 42.4859 38.6715 11.9544
794 49.4913 42.9108 64.6939
795 48.7456 71.8351 36.4019
796 47.0744 82.1908 45.2694
797 47.9682 16.3093 33.7258
798 45.377 43.5201 17.9156
799 41.9756 65.5935 67.7144
800 46.2511 102.145 13.1263
801 50.9295 28.1301 12.4893
802 50.3593 51.7866 13.3822
803 46.1467 50.0538 68.6649
804 47.8305 42.1727 42.6418
805 48.8838 36.6115 73.9801
806 46.1467 81.6946 62.7795
807 50.177 30.968 71.9865
808 46.3806 83.4203 34.2265
809 47.942 89.2599 47.4431
810 48.6501 111.269 67.714
811 50.7399 112.724 56.0275
812 51.9429 113.052 47.8603
813 46.0497 86.8341 57.6692
814 48.9041 27.2959 67.9203
815 48.756 33.962 58.5855
816 46.4838 32.3197 31.564
817 48.577 79.2814 40.2163
818 45.7838 107.65 44.7266
819 52.2017 108.777 27.9636
820 46.3265 47.6255 43.7742
821 44.9271 73.9237 8.91706
822 47.5983 25.8006 28.22
823 45.4946 63.6227 39.3446
824 45.7818 34.292 11.5445
825 48.8638 21.9079 62.3557
826 48.4119 70.4856 43.2917
827 53.4778 107.264 50.7748
828 49.2526 91.444 12.7775
829 45.2185 35.4121 27.6088
830 45.9552 47.9148 22.8383
831 49.0812 51.2961 49.9059
832 48.9356 17.248 23.3607
833 47.6169 92.9572 68.2865
834 47.4033 21.9785 51.0278
835 49.1235 31.4064 40.3041
836 42.6668 71.7319 56.0225
837 45.3415 84.5274 39.6286
838 111.832 80.975 35.4493
839 111.494 69.2067 10.5731
840 111.334 37.8438 60.8313
841 110.18 61.5623 67.1715
842 98.4573 41.5339 47.831
843 110.618 74.1463 18.756
844 109.072 79.0363 71.9837
845 111.437 106.703 20.0212
846 111.41 28.0469 45.6229
847 111.036 10.8571 6.45583
848 110.693 26.5053 6.15314
849 67.509 45.3858 10.7857
850 69.6719 105.961 26.6942
851 63.3581 102.07 67.6559
852 61.2135 69.2911 69.464
853 67.3615 64.4626 62.0294
854 68.4282 67.1406 45.5001
855 57.491 31.0562 32.0027
856 61.5947 103.489 48.3311
857 68.2339 17.7765 15.2299
858 67.7432 54.9088 74.1196
859 64.3301 111.002 34.6211
860 59.7505 45.8967 25.8905
861 62.1562 53.694 17.0679
862 69.3395 109.349 36.5538
863 67.973 107.656 65.8998
864 69.7284 18.1229 50.1626
865 63.2997 106.042 23.4795
866 63.896 37.4477 21.5467
867 69.1093 40.2287 71.1062
868 68.5771 93.9838 32.5089
869 62.613 69.8819 54.4427
870 61.6931 28.5252 50.3204
871 60.3376 57.9866 56.2803
872 62.459 86.849 70.9298
873 63.5668 32.4654 53.5178
874 60.0083 51.0957 32.0101
875 66.4557 86.8873 28.5144
876 62.972 31.6102 18.5798
877 62.3729 109.218 18.8974
878 57.532 58.5983 14.2559
879 61.4447 38.5863 70.015
880 66.6941 20.296 47.266
881 60.0566 103.748 74.1353
882 68.8114 28.3971 35.413
883 67.3911 96.214 26.3514
884 67.5939 70.3288 70.5122
885 62.3908 11.1199 24.0637
886 57.0626 107.174 10.9207
887 61.5147 100.14 76.7666
888 59.6508 43.2978 38.836
889 65.5055 11.9601 18.9586
890 70.7213 42.9187 29.2889
891 59.9716 17.1043 41.7541
892 61.6461 30.3555 8.28473
893 68.5673 100.64 63.82
894 67.5092 49.9193 72.7699
895 67.0812 55.3012 18.4532
896 70.4339 107.581 19.2998
897 59.5679 95.678 66.231
898 64.7987 16.692 33.387
899 66.0947 112.129 53.0346
900 112.086 11.8746 50.2392
901 111.001 61.3009 54.8003
902 109.797 67.1239 71.5876
903 53.2014 12.4755 45.0508
904 53.8958 113.114 68.2658
905 42.4323 105.626 69.2373
906 50.8726 103.335 53.5729
907 56.9781 74.9335 50.9677
908 52.0169 75.5822 36.6794
909 53.5429 11.3454 18.055
910 55.4308 66.8077 70.8888
911 53.1018 109.429 10.919
912 53.024 104.282 75.7748
913 47.1183 110.487 13.3252
914 52.3422 42.5012 62.8418
915 54.1695 96.6226 51.2567
916 48.9085 42.2838 74.9823
917 NaN NaN NaN
918 NaN NaN NaN
919 NaN NaN NaN
920 NaN NaN NaN
921 NaN NaN NaN
922 NaN NaN NaN
923 NaN NaN NaN
924 NaN NaN NaN
925 NaN NaN NaN
926 NaN NaN NaN
927 NaN NaN NaN
928 NaN NaN NaN
929 NaN NaN NaN
930 NaN NaN NaN
931 NaN NaN NaN
932 NaN NaN NaN
933 NaN NaN NaN
934 NaN NaN NaN
935 NaN NaN NaN
936 NaN NaN NaN
937 NaN NaN NaN
938 NaN NaN NaN
939 NaN NaN NaN
940 NaN NaN NaN
941 NaN NaN NaN
942 NaN NaN NaN
943 NaN NaN NaN
944 NaN NaN NaN
945 NaN NaN NaN
946 NaN NaN NaN
947 NaN NaN NaN
948 NaN NaN NaN
949 NaN NaN NaN
950 NaN NaN NaN
951 NaN NaN NaN
952 NaN NaN NaN
953 NaN NaN NaN
954 NaN NaN NaN
955 NaN NaN NaN
956 NaN NaN NaN
957 NaN NaN NaN
958 NaN NaN NaN
959 NaN NaN NaN
960 NaN NaN NaN
961 NaN NaN NaN
962 NaN NaN NaN
963 NaN NaN NaN
964 NaN NaN NaN
965 NaN NaN NaN
966 NaN NaN NaN
967 NaN NaN NaN
968 NaN NaN NaN
969 NaN NaN NaN
970 NaN NaN NaN
971 NaN NaN NaN
972 NaN NaN NaN
973 NaN NaN NaN
974 NaN NaN NaN
975 NaN NaN NaN
976 NaN NaN NaN
977 NaN NaN NaN
978 NaN NaN NaN
979 NaN NaN NaN
980 NaN NaN NaN
981 NaN NaN NaN
982 NaN NaN NaN
983 NaN NaN NaN
984 NaN NaN NaN
985 NaN NaN NaN
986 NaN NaN NaN
987 NaN NaN NaN
988 NaN NaN NaN
989 NaN NaN NaN
990 NaN NaN NaN
991 NaN NaN NaN
992 NaN NaN NaN
993 NaN NaN NaN
994 NaN NaN NaN
995 NaN NaN NaN
996 NaN NaN NaN
997 NaN NaN NaN
998 NaN NaN NaN
999 NaN NaN NaN
1000 NaN NaN NaN
1001 NaN NaN NaN
1002 NaN NaN NaN
1003 NaN NaN NaN
1004 NaN NaN NaN
1005 NaN NaN NaN
1006 NaN NaN NaN
1007 NaN NaN NaN
1008 NaN NaN NaN
1009 NaN NaN NaN
1010 NaN NaN NaN
1011 NaN NaN NaN
1012 NaN NaN NaN
1013 NaN NaN NaN
1014 NaN NaN NaN
1015 NaN NaN NaN
1016 NaN NaN NaN
1017 NaN NaN NaN
1018 NaN NaN NaN
1019 NaN NaN NaN
1020 NaN NaN NaN
1021 NaN NaN NaN
1022 NaN NaN NaN
1023 NaN NaN NaN
1024 NaN NaN NaN
1025 NaN NaN NaN
1026 NaN NaN NaN
1027 NaN NaN NaN
1028 NaN NaN NaN
1029 NaN NaN NaN
1030 NaN NaN NaN
1031 NaN NaN NaN
1032 NaN NaN NaN
1033 NaN NaN NaN
1034 NaN NaN NaN
1035 NaN NaN NaN
1036 NaN NaN NaN
1037 NaN NaN NaN
1038 NaN NaN NaN
1039 NaN NaN NaN
1040 NaN NaN NaN
1041 NaN NaN NaN
1042 NaN NaN NaN
1043 NaN NaN NaN
1044 NaN NaN NaN
1045 NaN NaN NaN
1046 NaN NaN NaN
1047 NaN NaN NaN
1048 NaN NaN NaN
1049 NaN NaN NaN
1050 NaN NaN NaN
1051 NaN NaN NaN
1052 NaN NaN NaN
1053 NaN NaN NaN
1054 NaN NaN NaN
1055 NaN NaN NaN
1056 NaN NaN NaN
1057 NaN NaN NaN
1058 NaN NaN NaN
1059 NaN NaN NaN
1060 NaN NaN NaN
1061 NaN NaN NaN
1062 NaN NaN NaN
1063 NaN NaN NaN
1064 NaN NaN NaN
1065 NaN NaN NaN
1066 NaN NaN NaN
1067 NaN NaN NaN
1068 NaN NaN NaN
1069 NaN NaN NaN
1070 NaN NaN NaN
1071 NaN NaN NaN
1072 NaN NaN NaN
1073 NaN NaN NaN
1074 NaN NaN NaN
1075 NaN NaN NaN
1076 NaN NaN NaN
Categorical Attributes:
id designation volgyi_type macneil_type
1 59 2 99999
2 59 2 99999
3 60 99999 99999
4 60 99999 99999
5 60 99999 99999
6 61 9 99999
7 61 9 99999
8 62 6 99999
9 62 6 99999
10 62 6 99999
11 65 6 99999
12 65 6 99999
13 67 8 99999
14 67 8 99999
15 67 8 99999
16 64 10 99999
17 64 10 99999
18 64 10 99999
19 66 3 99999
20 66 3 99999
21 66 3 99999
22 68 5 99999
23 68 5 99999
24 68 5 99999
25 68 5 99999
26 68 5 99999
27 68 5 99999
28 63 7 99999
29 63 7 99999
30 63 7 99999
31 69 4 99999
32 69 4 99999
33 70 1 99999
34 70 1 99999
35 70 1 99999
36 70 1 99999
37 4 99999 99999
38 4 99999 99999
39 4 99999 99999
40 4 99999 99999
41 4 99999 99999
42 4 99999 99999
43 4 99999 99999
44 4 99999 99999
45 4 99999 99999
46 4 99999 99999
47 4 99999 99999
48 4 99999 99999
49 4 99999 99999
50 4 99999 99999
51 4 99999 99999
52 4 99999 99999
53 6 99999 11
54 6 99999 11
55 6 99999 11
56 6 99999 11
57 6 99999 11
58 6 99999 11
59 6 99999 11
60 6 99999 11
61 6 99999 11
62 6 99999 11
63 6 99999 11
64 12 99999 7
65 12 99999 7
66 12 99999 7
67 12 99999 7
68 12 99999 7
69 12 99999 7
70 12 99999 7
71 12 99999 7
72 12 99999 7
73 12 99999 7
74 12 99999 7
75 15 99999 99999
76 15 99999 99999
77 15 99999 99999
78 15 99999 99999
79 15 99999 99999
80 15 99999 99999
81 15 99999 99999
82 15 99999 99999
83 15 99999 99999
84 15 99999 99999
85 15 99999 99999
86 15 99999 99999
87 15 99999 99999
88 15 99999 99999
89 15 99999 99999
90 15 99999 99999
91 15 99999 99999
92 18 99999 4
93 18 99999 4
94 18 99999 4
95 18 99999 4
96 16 99999 99999
97 16 99999 99999
98 16 99999 99999
99 16 99999 99999
100 16 99999 99999
101 16 99999 99999
102 16 99999 99999
103 16 99999 99999
104 16 99999 99999
105 16 99999 99999
106 16 99999 99999
107 16 99999 99999
108 16 99999 99999
109 17 99999 99999
110 17 99999 99999
111 17 99999 99999
112 17 99999 99999
113 17 99999 99999
114 17 99999 99999
115 17 99999 99999
116 17 99999 99999
117 17 99999 99999
118 23 99999 10
119 23 99999 10
120 23 99999 10
121 23 99999 10
122 23 99999 10
123 23 99999 10
124 23 99999 10
125 23 99999 10
126 23 99999 10
127 23 99999 10
128 23 99999 10
129 23 99999 10
130 23 99999 10
131 23 99999 10
132 23 99999 10
133 23 99999 10
134 23 99999 10
135 23 99999 10
136 23 99999 10
137 23 99999 10
138 26 99999 6
139 26 99999 6
140 26 99999 6
141 26 99999 6
142 26 99999 6
143 26 99999 6
144 26 99999 6
145 26 99999 6
146 36 99999 14
147 36 99999 14
148 36 99999 14
149 36 99999 14
150 36 99999 14
151 36 99999 14
152 36 99999 14
153 36 99999 14
154 36 99999 14
155 36 99999 14
156 36 99999 14
157 32 99999 99999
158 32 99999 99999
159 32 99999 99999
160 32 99999 99999
161 32 99999 99999
162 32 99999 99999
163 32 99999 99999
164 32 99999 99999
165 32 99999 99999
166 32 99999 99999
167 32 99999 99999
168 32 99999 99999
169 32 99999 99999
170 32 99999 99999
171 32 99999 99999
172 32 99999 99999
173 32 99999 99999
174 32 99999 99999
175 32 99999 99999
176 32 99999 99999
177 32 99999 99999
178 32 99999 99999
179 32 99999 99999
180 32 99999 99999
181 32 99999 99999
182 32 99999 99999
183 37 99999 1
184 37 99999 1
185 37 99999 1
186 37 99999 1
187 37 99999 1
188 37 99999 1
189 37 99999 1
190 37 99999 1
191 37 99999 1
192 37 99999 1
193 37 99999 1
194 37 99999 1
195 37 99999 1
196 37 99999 1
197 37 99999 1
198 37 99999 1
199 37 99999 1
200 37 99999 1
201 37 99999 1
202 37 99999 1
203 37 99999 1
204 37 99999 1
205 37 99999 1
206 37 99999 1
207 37 99999 1
208 37 99999 1
209 37 99999 1
210 37 99999 1
211 37 99999 1
212 37 99999 1
213 37 99999 1
214 37 99999 1
215 37 99999 1
216 37 99999 1
217 37 99999 1
218 2 99999 15
219 2 99999 15
220 2 99999 15
221 2 99999 15
222 1 99999 99999
223 1 99999 99999
224 5 99999 99999
225 5 99999 99999
226 5 99999 99999
227 7 99999 16
228 7 99999 16
229 7 99999 16
230 7 99999 16
231 7 99999 16
232 7 99999 16
233 7 99999 16
234 11 99999 99999
235 11 99999 99999
236 11 99999 99999
237 3 99999 99999
238 3 99999 99999
239 3 99999 99999
240 3 99999 99999
241 8 99999 99999
242 8 99999 99999
243 8 99999 99999
244 8 99999 99999
245 8 99999 99999
246 13 99999 13
247 13 99999 13
248 13 99999 13
249 13 99999 13
250 13 99999 13
251 13 99999 13
252 13 99999 13
253 13 99999 13
254 13 99999 13
255 13 99999 13
256 13 99999 13
257 13 99999 13
258 13 99999 13
259 13 99999 13
260 14 99999 99999
261 14 99999 99999
262 14 99999 99999
263 14 99999 99999
264 14 99999 99999
265 14 99999 99999
266 14 99999 99999
267 14 99999 99999
268 14 99999 99999
269 14 99999 99999
270 14 99999 99999
271 14 99999 99999
272 14 99999 99999
273 14 99999 99999
274 14 99999 99999
275 9 99999 99999
276 9 99999 99999
277 20 99999 99999
278 20 99999 99999
279 19 99999 17
280 19 99999 17
281 19 99999 17
282 25 99999 5
283 25 99999 5
284 25 99999 5
285 25 99999 5
286 25 99999 5
287 25 99999 5
288 25 99999 5
289 25 99999 5
290 22 99999 17
291 22 99999 17
292 22 99999 17
293 22 99999 17
294 22 99999 17
295 22 99999 17
296 27 99999 99999
297 27 99999 99999
298 27 99999 99999
299 27 99999 99999
300 29 99999 99999
301 29 99999 99999
302 29 99999 99999
303 30 99999 2
304 30 99999 2
305 30 99999 2
306 30 99999 2
307 30 99999 2
308 30 99999 2
309 30 99999 2
310 31 99999 99999
311 31 99999 99999
312 31 99999 99999
313 31 99999 99999
314 31 99999 99999
315 31 99999 99999
316 31 99999 99999
317 31 99999 99999
318 33 99999 99999
319 33 99999 99999
320 33 99999 99999
321 33 99999 99999
322 24 99999 8
323 24 99999 8
324 24 99999 8
325 24 99999 8
326 38 99999 99999
327 38 99999 99999
328 38 99999 99999
329 35 99999 12
330 35 99999 12
331 10 99999 99999
332 10 99999 99999
333 39 99999 3
334 39 99999 3
335 40 99999 9
336 40 99999 9
337 40 99999 9
338 40 99999 9
339 40 99999 9
340 40 99999 9
341 40 99999 9
342 40 99999 9
343 40 99999 9
344 40 99999 9
345 40 99999 9
346 40 99999 9
347 40 99999 9
348 40 99999 9
349 40 99999 9
350 40 99999 9
351 40 99999 9
352 40 99999 9
353 40 99999 9
354 28 99999 99999
355 28 99999 99999
356 28 99999 99999
357 28 99999 99999
358 21 99999 13
359 21 99999 13
360 21 99999 13
361 21 99999 13
362 21 99999 13
363 21 99999 13
364 21 99999 13
365 21 99999 13
366 21 99999 13
367 21 99999 13
368 21 99999 13
369 21 99999 13
370 21 99999 13
371 41 99999 99999
372 41 99999 99999
373 42 99999 18
374 42 99999 18
375 42 99999 18
376 34 99999 99999
377 34 99999 99999
378 34 99999 99999
379 43 99999 99999
380 43 99999 99999
381 43 99999 99999
382 44 99999 99999
383 44 99999 99999
384 44 99999 99999
385 45 99999 99999
386 45 99999 99999
387 45 99999 99999
388 45 99999 99999
389 45 99999 99999
390 47 99999 99999
391 47 99999 99999
392 47 99999 99999
393 47 99999 99999
394 47 99999 99999
395 47 99999 99999
396 47 99999 99999
397 47 99999 99999
398 47 99999 99999
399 47 99999 99999
400 47 99999 99999
401 47 99999 99999
402 47 99999 99999
403 47 99999 99999
404 47 99999 99999
405 47 99999 99999
406 47 99999 99999
407 47 99999 99999
408 47 99999 99999
409 47 99999 99999
410 47 99999 99999
411 47 99999 99999
412 47 99999 99999
413 47 99999 99999
414 46 99999 99999
415 46 99999 99999
416 46 99999 99999
417 46 99999 99999
418 46 99999 99999
419 46 99999 99999
420 46 99999 99999
421 46 99999 99999
422 46 99999 99999
423 46 99999 99999
424 46 99999 99999
425 46 99999 99999
426 46 99999 99999
427 46 99999 99999
428 46 99999 99999
429 46 99999 99999
430 46 99999 99999
431 46 99999 99999
432 46 99999 99999
433 46 99999 99999
434 46 99999 99999
435 46 99999 99999
436 46 99999 99999
437 46 99999 99999
438 46 99999 99999
439 46 99999 99999
440 46 99999 99999
441 46 99999 99999
442 46 99999 99999
443 46 99999 99999
444 46 99999 99999
445 46 99999 99999
446 46 99999 99999
447 46 99999 99999
448 46 99999 99999
449 46 99999 99999
450 49 99999 99999
451 49 99999 99999
452 49 99999 99999
453 49 99999 99999
454 49 99999 99999
455 49 99999 99999
456 49 99999 99999
457 49 99999 99999
458 49 99999 99999
459 49 99999 99999
460 49 99999 99999
461 49 99999 99999
462 49 99999 99999
463 49 99999 99999
464 49 99999 99999
465 49 99999 99999
466 49 99999 99999
467 49 99999 99999
468 49 99999 99999
469 49 99999 99999
470 49 99999 99999
471 49 99999 99999
472 50 99999 99999
473 50 99999 99999
474 50 99999 99999
475 50 99999 99999
476 50 99999 99999
477 50 99999 99999
478 50 99999 99999
479 50 99999 99999
480 50 99999 99999
481 50 99999 99999
482 50 99999 99999
483 50 99999 99999
484 50 99999 99999
485 50 99999 99999
486 50 99999 99999
487 50 99999 99999
488 50 99999 99999
489 50 99999 99999
490 50 99999 99999
491 50 99999 99999
492 50 99999 99999
493 50 99999 99999
494 50 99999 99999
495 50 99999 99999
496 50 99999 99999
497 50 99999 99999
498 50 99999 99999
499 50 99999 99999
500 50 99999 99999
501 50 99999 99999
502 50 99999 99999
503 50 99999 99999
504 48 99999 99999
505 48 99999 99999
506 48 99999 99999
507 48 99999 99999
508 48 99999 99999
509 48 99999 99999
510 48 99999 99999
511 48 99999 99999
512 48 99999 99999
513 48 99999 99999
514 48 99999 99999
515 48 99999 99999
516 48 99999 99999
517 48 99999 99999
518 48 99999 99999
519 48 99999 99999
520 48 99999 99999
521 48 99999 99999
522 48 99999 99999
523 48 99999 99999
524 48 99999 99999
525 48 99999 99999
526 48 99999 99999
527 48 99999 99999
528 48 99999 99999
529 48 99999 99999
530 48 99999 99999
531 48 99999 99999
532 48 99999 99999
533 48 99999 99999
534 54 99999 99999
535 54 99999 99999
536 54 99999 99999
537 54 99999 99999
538 54 99999 99999
539 54 99999 99999
540 54 99999 99999
541 54 99999 99999
542 54 99999 99999
543 54 99999 99999
544 54 99999 99999
545 54 99999 99999
546 54 99999 99999
547 54 99999 99999
548 54 99999 99999
549 54 99999 99999
550 54 99999 99999
551 54 99999 99999
552 54 99999 99999
553 54 99999 99999
554 54 99999 99999
555 54 99999 99999
556 52 99999 99999
557 52 99999 99999
558 52 99999 99999
559 52 99999 99999
560 52 99999 99999
561 52 99999 99999
562 52 99999 99999
563 52 99999 99999
564 52 99999 99999
565 52 99999 99999
566 52 99999 99999
567 52 99999 99999
568 52 99999 99999
569 52 99999 99999
570 52 99999 99999
571 52 99999 99999
572 52 99999 99999
573 52 99999 99999
574 52 99999 99999
575 52 99999 99999
576 52 99999 99999
577 52 99999 99999
578 52 99999 99999
579 52 99999 99999
580 52 99999 99999
581 52 99999 99999
582 52 99999 99999
583 52 99999 99999
584 52 99999 99999
585 52 99999 99999
586 52 99999 99999
587 52 99999 99999
588 52 99999 99999
589 52 99999 99999
590 52 99999 99999
591 52 99999 99999
592 52 99999 99999
593 52 99999 99999
594 52 99999 99999
595 52 99999 99999
596 52 99999 99999
597 52 99999 99999
598 52 99999 99999
599 52 99999 99999
600 52 99999 99999
601 52 99999 99999
602 52 99999 99999
603 53 99999 99999
604 53 99999 99999
605 53 99999 99999
606 53 99999 99999
607 53 99999 99999
608 53 99999 99999
609 53 99999 99999
610 55 99999 99999
611 55 99999 99999
612 55 99999 99999
613 55 99999 99999
614 55 99999 99999
615 55 99999 99999
616 55 99999 99999
617 55 99999 99999
618 55 99999 99999
619 55 99999 99999
620 55 99999 99999
621 55 99999 99999
622 55 99999 99999
623 55 99999 99999
624 55 99999 99999
625 55 99999 99999
626 55 99999 99999
627 55 99999 99999
628 55 99999 99999
629 55 99999 99999
630 55 99999 99999
631 55 99999 99999
632 55 99999 99999
633 55 99999 99999
634 55 99999 99999
635 55 99999 99999
636 55 99999 99999
637 55 99999 99999
638 55 99999 99999
639 55 99999 99999
640 55 99999 99999
641 55 99999 99999
642 55 99999 99999
643 55 99999 99999
644 55 99999 99999
645 55 99999 99999
646 55 99999 99999
647 55 99999 99999
648 55 99999 99999
649 55 99999 99999
650 55 99999 99999
651 55 99999 99999
652 55 99999 99999
653 55 99999 99999
654 55 99999 99999
655 56 99999 99999
656 56 99999 99999
657 56 99999 99999
658 56 99999 99999
659 56 99999 99999
660 56 99999 99999
661 56 99999 99999
662 56 99999 99999
663 56 99999 99999
664 56 99999 99999
665 56 99999 99999
666 56 99999 99999
667 56 99999 99999
668 56 99999 99999
669 56 99999 99999
670 56 99999 99999
671 56 99999 99999
672 56 99999 99999
673 56 99999 99999
674 56 99999 99999
675 56 99999 99999
676 56 99999 99999
677 56 99999 99999
678 56 99999 99999
679 56 99999 99999
680 56 99999 99999
681 56 99999 99999
682 56 99999 99999
683 56 99999 99999
684 57 99999 99999
685 57 99999 99999
686 57 99999 99999
687 57 99999 99999
688 57 99999 99999
689 57 99999 99999
690 58 99999 99999
691 58 99999 99999
692 58 99999 99999
693 58 99999 99999
694 58 99999 99999
695 58 99999 99999
696 58 99999 99999
697 51 99999 99999
698 51 99999 99999
699 51 99999 99999
700 51 99999 99999
701 51 99999 99999
702 51 99999 99999
703 51 99999 99999
704 51 99999 99999
705 51 99999 99999
706 51 99999 99999
707 51 99999 99999
708 51 99999 99999
709 51 99999 99999
710 51 99999 99999
711 51 99999 99999
712 51 99999 99999
713 51 99999 99999
714 51 99999 99999
715 51 99999 99999
716 51 99999 99999
717 51 99999 99999
718 51 99999 99999
719 51 99999 99999
720 51 99999 99999
721 51 99999 99999
722 51 99999 99999
723 51 99999 99999
724 51 99999 99999
725 51 99999 99999
726 51 99999 99999
727 51 99999 99999
728 51 99999 99999
729 51 99999 99999
730 51 99999 99999
731 51 99999 99999
732 51 99999 99999
733 51 99999 99999
734 51 99999 99999
735 51 99999 99999
736 51 99999 99999
737 51 99999 99999
738 51 99999 99999
739 51 99999 99999
740 51 99999 99999
741 51 99999 99999
742 51 99999 99999
743 51 99999 99999
744 51 99999 99999
745 51 99999 99999
746 51 99999 99999
747 51 99999 99999
748 51 99999 99999
749 51 99999 99999
750 51 99999 99999
751 51 99999 99999
752 51 99999 99999
753 51 99999 99999
754 51 99999 99999
755 51 99999 99999
756 51 99999 99999
757 51 99999 99999
758 51 99999 99999
759 51 99999 99999
760 51 99999 99999
761 51 99999 99999
762 51 99999 99999
763 51 99999 99999
764 51 99999 99999
765 51 99999 99999
766 51 99999 99999
767 51 99999 99999
768 51 99999 99999
769 51 99999 99999
770 51 99999 99999
771 51 99999 99999
772 51 99999 99999
773 51 99999 99999
774 51 99999 99999
775 51 99999 99999
776 51 99999 99999
777 51 99999 99999
778 51 99999 99999
779 51 99999 99999
780 51 99999 99999
781 51 99999 99999
782 51 99999 99999
783 51 99999 99999
784 51 99999 99999
785 51 99999 99999
786 51 99999 99999
787 51 99999 99999
788 51 99999 99999
789 51 99999 99999
790 51 99999 99999
791 51 99999 99999
792 51 99999 99999
793 51 99999 99999
794 51 99999 99999
795 51 99999 99999
796 51 99999 99999
797 51 99999 99999
798 51 99999 99999
799 51 99999 99999
800 51 99999 99999
801 51 99999 99999
802 51 99999 99999
803 51 99999 99999
804 51 99999 99999
805 51 99999 99999
806 51 99999 99999
807 51 99999 99999
808 51 99999 99999
809 51 99999 99999
810 51 99999 99999
811 51 99999 99999
812 51 99999 99999
813 51 99999 99999
814 51 99999 99999
815 51 99999 99999
816 51 99999 99999
817 51 99999 99999
818 51 99999 99999
819 51 99999 99999
820 51 99999 99999
821 51 99999 99999
822 51 99999 99999
823 51 99999 99999
824 51 99999 99999
825 51 99999 99999
826 51 99999 99999
827 51 99999 99999
828 51 99999 99999
829 51 99999 99999
830 51 99999 99999
831 51 99999 99999
832 51 99999 99999
833 51 99999 99999
834 51 99999 99999
835 51 99999 99999
836 51 99999 99999
837 51 99999 99999
838 99999 99999 99999
839 99999 99999 99999
840 99999 99999 99999
841 99999 99999 99999
842 99999 99999 99999
843 99999 99999 99999
844 99999 99999 99999
845 99999 99999 99999
846 99999 99999 99999
847 99999 99999 99999
848 99999 99999 99999
849 99999 99999 99999
850 99999 99999 99999
851 99999 99999 99999
852 99999 99999 99999
853 99999 99999 99999
854 99999 99999 99999
855 99999 99999 99999
856 99999 99999 99999
857 99999 99999 99999
858 99999 99999 99999
859 99999 99999 99999
860 99999 99999 99999
861 99999 99999 99999
862 99999 99999 99999
863 99999 99999 99999
864 99999 99999 99999
865 99999 99999 99999
866 99999 99999 99999
867 99999 99999 99999
868 99999 99999 99999
869 99999 99999 99999
870 99999 99999 99999
871 99999 99999 99999
872 99999 99999 99999
873 99999 99999 99999
874 99999 99999 99999
875 99999 99999 99999
876 99999 99999 99999
877 99999 99999 99999
878 99999 99999 99999
879 99999 99999 99999
880 99999 99999 99999
881 99999 99999 99999
882 99999 99999 99999
883 99999 99999 99999
884 99999 99999 99999
885 99999 99999 99999
886 99999 99999 99999
887 99999 99999 99999
888 99999 99999 99999
889 99999 99999 99999
890 99999 99999 99999
891 99999 99999 99999
892 99999 99999 99999
893 99999 99999 99999
894 99999 99999 99999
895 99999 99999 99999
896 99999 99999 99999
897 99999 99999 99999
898 99999 99999 99999
899 99999 99999 99999
900 99999 99999 99999
901 99999 99999 99999
902 99999 99999 99999
903 99999 99999 99999
904 99999 99999 99999
905 99999 99999 99999
906 99999 99999 99999
907 99999 99999 99999
908 99999 99999 99999
909 99999 99999 99999
910 99999 99999 99999
911 99999 99999 99999
912 99999 99999 99999
913 99999 99999 99999
914 99999 99999 99999
915 99999 99999 99999
916 99999 99999 99999
917 99999 99999 99999
918 99999 99999 99999
919 99999 99999 99999
920 99999 99999 99999
921 99999 99999 99999
922 99999 99999 99999
923 99999 99999 99999
924 99999 99999 99999
925 99999 99999 99999
926 99999 99999 99999
927 99999 99999 99999
928 99999 99999 99999
929 99999 99999 99999
930 99999 99999 99999
931 99999 99999 99999
932 99999 99999 99999
933 99999 99999 99999
934 99999 99999 99999
935 99999 99999 99999
936 99999 99999 99999
937 99999 99999 99999
938 99999 99999 99999
939 99999 99999 99999
940 99999 99999 99999
941 99999 99999 99999
942 99999 99999 99999
943 99999 99999 99999
944 99999 99999 99999
945 99999 99999 99999
946 99999 99999 99999
947 99999 99999 99999
948 99999 99999 99999
949 99999 99999 99999
950 99999 99999 99999
951 99999 99999 99999
952 99999 99999 99999
953 99999 99999 99999
954 99999 99999 99999
955 99999 99999 99999
956 99999 99999 99999
957 99999 99999 99999
958 99999 99999 99999
959 99999 99999 99999
960 99999 99999 99999
961 99999 99999 99999
962 99999 99999 99999
963 99999 99999 99999
964 99999 99999 99999
965 99999 99999 99999
966 99999 99999 99999
967 99999 99999 99999
968 99999 99999 99999
969 99999 99999 99999
970 99999 99999 99999
971 99999 99999 99999
972 99999 99999 99999
973 99999 99999 99999
974 99999 99999 99999
975 99999 99999 99999
976 99999 99999 99999
977 99999 99999 99999
978 99999 99999 99999
979 99999 99999 99999
980 99999 99999 99999
981 99999 99999 99999
982 99999 99999 99999
983 99999 99999 99999
984 99999 99999 99999
985 99999 99999 99999
986 99999 99999 99999
987 99999 99999 99999
988 99999 99999 99999
989 99999 99999 99999
990 99999 99999 99999
991 99999 99999 99999
992 99999 99999 99999
993 99999 99999 99999
994 99999 99999 99999
995 99999 99999 99999
996 99999 99999 99999
997 99999 99999 99999
998 99999 99999 99999
999 99999 99999 99999
1000 99999 99999 99999
1001 99999 99999 99999
1002 99999 99999 99999
1003 99999 99999 99999
1004 99999 99999 99999
1005 99999 99999 99999
1006 99999 99999 99999
1007 99999 99999 99999
1008 99999 99999 99999
1009 99999 99999 99999
1010 99999 99999 99999
1011 99999 99999 99999
1012 99999 99999 99999
1013 99999 99999 99999
1014 99999 99999 99999
1015 99999 99999 99999
1016 99999 99999 99999
1017 99999 99999 99999
1018 99999 99999 99999
1019 99999 99999 99999
1020 99999 99999 99999
1021 99999 99999 99999
1022 99999 99999 99999
1023 99999 99999 99999
1024 99999 99999 99999
1025 99999 99999 99999
1026 99999 99999 99999
1027 99999 99999 99999
1028 99999 99999 99999
1029 99999 99999 99999
1030 99999 99999 99999
1031 99999 99999 99999
1032 99999 99999 99999
1033 99999 99999 99999
1034 99999 99999 99999
1035 99999 99999 99999
1036 99999 99999 99999
1037 99999 99999 99999
1038 99999 99999 99999
1039 99999 99999 99999
1040 99999 99999 99999
1041 99999 99999 99999
1042 99999 99999 99999
1043 99999 99999 99999
1044 99999 99999 99999
1045 99999 99999 99999
1046 99999 99999 99999
1047 99999 99999 99999
1048 99999 99999 99999
1049 99999 99999 99999
1050 99999 99999 99999
1051 99999 99999 99999
1052 99999 99999 99999
1053 99999 99999 99999
1054 99999 99999 99999
1055 99999 99999 99999
1056 99999 99999 99999
1057 99999 99999 99999
1058 99999 99999 99999
1059 99999 99999 99999
1060 99999 99999 99999
1061 99999 99999 99999
1062 99999 99999 99999
1063 99999 99999 99999
1064 99999 99999 99999
1065 99999 99999 99999
1066 99999 99999 99999
1067 99999 99999 99999
1068 99999 99999 99999
1069 99999 99999 99999
1070 99999 99999 99999
1071 99999 99999 99999
1072 99999 99999 99999
1073 99999 99999 99999
1074 99999 99999 99999
1075 99999 99999 99999
1076 99999 99999 99999
