*Vertices 423
*Arcs
1 378
3 2
4 2
5 379
6 380
7 14
8 9
10 9
11 9
12 9
13 164
7 164
14 164
15 164
16 164
17 164
18 164
19 164
20 164
21 164
22 164
23 164
24 164
25 164
26 164
27 164
28 164
29 164
30 164
31 164
32 37
33 37
34 37
35 37
36 37
38 37
39 381
40 41
42 329
43 329
44 15
45 382
46 382
47 383
48 65
49 65
50 384
51 384
53 52
54 52
55 52
56 52
57 52
58 52
59 52
60 52
61 52
62 68
63 68
64 68
8 68
9 68
10 68
11 68
12 68
65 68
48 68
66 68
67 68
69 68
70 68
18 68
71 68
72 68
73 68
74 68
75 68
76 68
49 68
77 68
20 68
78 68
79 68
80 68
81 68
82 68
83 68
84 68
85 68
24 68
86 68
87 68
88 68
25 68
89 68
90 68
91 68
92 68
93 68
94 68
95 68
96 68
97 68
98 68
99 68
100 68
101 68
102 68
103 68
104 68
105 68
106 68
107 68
108 68
109 68
110 68
111 68
112 68
30 68
113 68
114 68
115 68
116 68
117 68
118 68
119 68
120 68
121 68
122 68
123 124
125 385
126 385
128 127
130 129
131 129
132 129
133 129
51 129
72 386
134 386
105 386
107 386
112 386
117 386
119 386
72 387
105 387
117 387
135 388
112 388
73 136
74 389
138 390
139 390
138 391
141 140
142 140
143 140
144 392
19 392
76 392
145 392
146 392
147 148
149 330
150 330
151 330
152 77
153 77
154 77
155 77
156 77
157 77
158 77
153 155
159 155
160 155
154 155
161 155
162 155
156 155
157 155
158 155
57 155
163 155
60 155
62 168
64 168
164 168
165 168
65 168
16 168
17 168
71 168
166 168
167 168
20 168
169 168
24 168
151 168
26 168
170 168
171 168
172 168
173 168
29 168
30 168
115 168
13 393
174 393
175 393
26 393
176 393
109 393
177 393
78 79
66 80
178 80
148 80
179 80
180 80
181 80
182 80
31 80
183 80
81 394
82 394
102 82
184 395
186 185
186 396
23 397
187 85
188 85
24 398
86 398
87 398
88 398
189 399
89 399
90 399
190 191
13 194
48 194
38 194
192 194
193 194
20 194
23 194
187 194
195 194
150 194
151 194
170 194
171 194
29 194
138 194
139 194
196 194
197 194
198 194
31 194
115 194
65 126
77 126
155 126
200 126
201 126
202 126
203 126
204 400
13 145
62 145
206 207
208 401
92 402
209 403
211 210
212 210
213 210
214 210
215 210
216 210
217 210
218 210
219 210
220 210
221 210
186 227
222 227
223 227
224 227
225 227
226 227
228 227
138 227
139 227
229 227
201 227
230 227
231 227
203 227
232 233
115 233
98 94
93 97
95 97
234 97
96 97
235 97
236 237
22 237
238 237
31 237
239 237
100 101
240 243
241 243
242 243
244 243
245 244
240 244
246 244
247 404
97 405
99 405
248 405
109 405
250 406
252 188
253 188
254 407
255 407
256 103
99 103
104 103
174 408
65 408
71 408
166 408
167 408
20 408
169 408
170 408
171 408
173 408
257 408
29 408
258 408
200 409
62 410
174 410
63 410
4 410
14 410
52 410
192 410
259 410
260 410
261 410
200 410
201 410
262 410
108 410
123 196
124 196
76 196
77 196
138 196
139 196
263 265
192 265
264 265
260 265
267 269
268 269
270 269
271 269
198 411
272 282
273 282
186 282
274 282
245 282
275 282
276 282
277 282
278 282
279 282
280 282
281 282
283 282
284 282
285 282
286 282
287 412
259 288
289 288
110 290
111 290
291 413
22 413
81 413
292 413
237 413
293 413
238 413
31 413
294 413
295 413
296 413
239 413
297 298
299 317
300 317
301 317
302 317
303 317
304 317
305 317
55 317
306 317
307 317
308 317
309 317
56 317
310 317
311 317
312 317
313 317
314 317
315 317
316 317
112 317
59 317
318 317
61 317
319 112
320 112
321 112
322 112
323 112
324 112
325 112
326 112
327 112
328 112
329 414
18 414
149 414
330 414
85 414
187 414
150 414
331 414
188 414
332 414
198 414
333 414
204 414
334 333
336 335
337 336
236 336
22 336
238 336
31 336
239 336
115 415
258 338
339 416
340 344
341 344
342 344
343 344
345 350
346 350
341 350
347 350
342 350
348 350
349 350
120 417
351 418
351 143
352 419
353 354
174 375
355 375
63 375
356 375
357 375
358 375
359 375
360 375
361 375
362 375
363 375
364 375
135 375
266 375
365 375
366 375
367 375
368 375
108 375
30 375
369 375
370 375
371 375
372 375
373 375
374 375
122 420
376 421
18 422
71 422
169 422
377 423
2 2
9 9
15 15
37 37
41 41
52 52
68 68
79 79
80 80
82 82
85 85
94 94
101 101
103 103
114 114
115 115
124 124
126 126
127 127
129 129
136 136
137 137
140 140
143 143
148 148
150 150
155 155
168 168
185 185
188 188
191 191
194 194
199 199
205 205
207 207
210 210
227 227
233 233
237 237
243 243
244 244
249 249
251 251
253 253
265 265
266 266
269 269
282 282
288 288
290 290
298 298
317 317
335 335
336 336
338 338
344 344
350 350
354 354
375 375
