*Vertices 2160
*Edges
1 2
1 849
2 848
2 849
3 4
3 1436
3 1625
3 1974
5 6
5 385
5 386
5 387
5 388
5 389
5 391
5 392
5 393
6 385
6 387
6 390
6 1409
7 8
7 219
7 815
7 822
7 1578
8 87
8 112
8 218
8 219
8 220
8 815
8 822
8 1307
8 1511
8 1620
8 1799
8 1800
9 10
9 25
9 171
10 25
10 34
10 85
10 240
10 546
10 547
11 12
11 182
11 434
11 564
11 1417
11 1418
11 1419
11 1420
12 183
12 1418
12 1999
13 14
13 70
14 41
14 60
14 73
14 84
14 99
14 631
14 1000
14 1325
14 1341
14 1529
14 1619
14 1766
14 1767
14 1801
14 1807
14 1808
14 1809
14 1898
14 2028
15 16
15 444
15 480
15 481
15 482
15 483
16 444
17 18
17 23
17 31
17 241
17 242
18 36
18 38
18 54
18 76
18 90
18 109
18 110
18 337
18 513
18 514
18 515
18 516
18 517
18 518
18 519
18 520
18 521
19 20
19 58
19 235
19 250
19 252
19 255
19 258
19 343
19 345
19 495
19 497
19 557
19 888
19 891
19 892
20 58
20 236
20 252
20 253
20 255
21 790
21 913
22 23
22 31
23 32
23 36
23 37
23 38
23 43
23 46
23 54
23 72
23 74
23 75
23 76
23 86
23 90
23 95
23 105
23 106
23 109
23 110
23 114
23 283
23 325
23 326
23 336
23 337
23 338
23 339
23 482
23 513
23 515
23 516
23 519
23 521
23 560
23 586
23 601
23 893
23 1123
23 1124
23 1125
23 1127
23 1128
23 1132
23 1134
23 1135
23 1136
23 1137
23 1138
23 1140
23 2081
24 25
25 26
25 33
25 85
25 171
25 545
25 914
25 915
25 916
27 28
27 63
27 402
27 403
27 404
27 407
27 408
27 409
27 1059
28 47
28 63
28 402
28 403
28 404
28 405
28 406
28 407
28 408
28 409
29 30
29 492
29 776
29 777
31 32
31 36
31 37
31 38
31 43
31 54
31 72
31 74
31 75
31 76
31 86
31 90
31 95
31 105
31 106
31 109
31 110
31 114
31 283
31 293
31 294
31 325
31 326
31 336
31 338
31 339
31 482
31 513
31 515
31 516
31 519
31 521
31 560
31 586
31 601
31 893
31 1123
31 1124
31 1125
31 1126
31 1127
31 1128
31 1129
31 1130
31 1131
31 1132
31 1133
31 1134
31 1135
31 1136
31 1137
31 1138
31 1139
31 1140
31 1141
31 2042
31 2043
31 2081
33 34
33 546
33 547
34 171
34 545
35 52
35 1163
36 90
36 242
36 249
36 274
36 275
36 276
36 277
36 278
36 279
36 602
36 2044
37 241
37 242
37 1753
38 90
38 241
38 242
38 335
38 603
38 604
38 1635
39 40
39 111
40 1495
41 42
41 70
41 126
41 127
41 645
41 1149
41 1364
42 60
42 73
42 84
42 99
42 182
42 631
42 1000
42 1325
42 1395
42 1529
42 1619
42 1766
42 1767
42 1801
43 242
44 45
44 68
44 69
44 153
44 154
44 155
44 156
44 157
44 158
44 2010
45 68
45 153
46 242
46 605
47 63
47 403
48 49
48 53
48 59
48 1946
49 1073
50 51
50 80
50 251
52 1163
53 1073
54 94
54 241
54 242
54 413
54 414
54 415
54 416
54 1166
55 542
55 543
55 594
55 1434
55 2095
55 2096
56 57
56 455
56 457
56 461
56 1054
57 457
57 461
57 621
57 1054
58 233
58 235
58 250
58 253
58 256
58 257
58 258
58 343
58 344
58 345
58 495
58 497
58 558
58 891
58 1072
59 1073
60 70
60 126
60 265
60 266
60 348
60 644
60 645
61 62
61 82
61 83
61 143
61 469
61 570
61 572
61 573
61 575
61 577
61 581
61 668
61 674
61 764
61 787
61 875
61 1006
61 1010
61 1052
61 1053
61 1054
62 81
62 82
62 83
62 211
62 570
62 571
62 573
62 574
62 575
62 577
62 578
62 668
62 1006
62 1010
62 1052
62 1053
62 1074
62 1259
62 1306
62 1491
62 1492
62 1493
62 1494
63 402
63 403
63 404
63 405
63 406
63 407
63 408
63 409
63 410
63 1354
64 65
64 79
65 149
65 150
65 312
65 322
65 1099
65 1358
65 1361
65 1477
65 1478
65 1948
65 2110
68 69
68 156
68 157
68 158
69 153
69 155
69 156
69 157
69 1235
69 1383
69 1745
69 2010
70 71
70 73
70 99
70 631
70 1000
70 1249
70 1325
70 1529
70 1807
70 1809
71 127
71 276
71 645
72 465
73 126
73 127
73 136
73 249
73 274
73 275
73 276
73 277
73 278
73 279
73 312
73 523
73 645
73 806
73 1218
73 1423
73 1827
73 1837
73 1854
74 94
74 241
74 242
75 94
75 241
75 242
75 306
75 335
75 337
75 552
75 554
75 603
75 605
75 737
75 1042
75 1043
75 1044
75 1045
75 1281
76 90
76 242
76 603
77 78
77 117
77 118
77 313
77 959
77 1526
77 1757
77 1938
78 117
78 118
78 959
78 1526
78 1757
79 312
79 322
79 1661
79 1948
79 2110
81 82
81 83
81 274
81 276
81 278
81 570
81 575
81 579
81 668
81 1006
81 1053
82 83
82 88
82 573
82 574
82 575
82 576
82 577
82 578
82 579
82 580
82 581
82 1006
82 1074
82 1491
82 1494
83 570
83 571
83 575
83 577
83 578
83 579
83 1006
83 1010
83 1053
83 1744
84 126
84 127
85 171
87 218
87 219
88 570
88 574
88 577
88 578
88 579
88 581
88 787
88 1006
88 1010
88 1053
89 90
90 94
90 96
90 241
90 242
90 335
90 516
90 519
90 590
90 595
90 602
90 603
90 1136
90 1234
90 1238
90 1611
90 1635
91 92
91 187
91 799
92 187
92 412
92 1349
93 1109
93 1408
94 95
94 110
94 324
94 337
94 516
94 519
94 521
95 96
95 241
95 242
95 335
95 603
95 604
95 605
95 1042
95 1044
95 1238
96 105
96 324
96 325
96 326
96 2081
97 98
99 126
99 127
100 101
100 261
100 262
101 1360
101 1884
102 103
102 175
102 176
102 178
102 179
102 180
102 229
102 445
102 446
102 448
102 449
102 728
102 729
102 730
103 175
103 176
103 177
103 178
103 180
103 445
103 449
104 1795
104 1834
105 241
105 242
105 335
105 605
105 1326
105 1327
106 242
106 602
106 603
106 604
107 108
107 204
108 152
108 1121
108 1430
108 1996
109 241
109 242
109 355
109 602
109 603
109 604
109 605
110 222
110 242
110 306
110 310
110 335
110 337
110 552
110 602
110 603
110 604
110 605
110 737
110 1281
110 1609
110 1610
111 1495
113 1426
113 1427
113 1580
114 249
114 274
114 275
114 277
115 116
115 123
115 132
115 193
115 194
115 195
115 196
115 199
115 200
115 201
115 203
115 204
115 205
115 206
115 373
115 941
115 989
115 1270
115 1372
115 1513
115 1957
116 192
116 331
116 438
116 475
116 476
116 1749
117 118
117 119
117 313
117 959
118 1526
120 121
121 1506
121 1507
121 1509
122 123
123 132
123 192
123 206
123 321
123 331
123 437
123 476
123 510
123 733
123 851
123 1037
123 1168
123 1169
123 1170
123 1171
123 1172
123 1173
123 1174
123 1175
123 1543
124 125
125 217
125 224
125 232
125 342
125 347
125 354
125 355
125 384
125 394
125 397
125 491
125 522
125 559
125 839
125 886
125 1046
125 1149
125 1189
125 1190
125 1191
125 1192
125 1193
125 1194
125 1195
125 1196
125 1197
125 1198
125 1199
125 1200
125 1201
125 1202
125 1203
125 1204
125 1205
125 1206
125 1207
125 1208
125 1209
125 1210
125 1211
125 1212
125 1213
125 1214
125 1215
125 1216
125 1217
125 1218
125 1219
125 1220
125 1221
125 1222
125 1223
125 1224
125 1225
125 1226
125 1227
125 1228
125 1229
125 1230
125 1231
125 1232
126 631
126 1000
126 1325
126 1341
126 1395
126 1529
126 1619
126 1766
126 1767
126 1801
126 1809
126 1985
126 2028
127 645
127 1000
127 1474
127 1529
127 1619
127 1766
127 1767
127 1808
127 1809
128 129
128 130
129 1313
130 1313
130 1765
130 1928
131 132
132 331
132 476
132 1466
132 1835
133 134
133 135
133 136
134 533
134 1086
134 1087
134 1088
134 1089
134 1090
134 1091
134 1092
134 1093
134 1094
134 1095
134 1096
134 1097
134 1823
135 141
135 533
135 878
135 1088
135 1091
135 1097
135 1303
135 1310
135 1474
135 1706
135 1808
135 1823
135 2045
136 533
136 1091
136 1097
136 1474
136 1777
136 1807
136 1808
137 138
137 139
137 140
138 140
138 863
138 899
138 900
138 901
138 902
138 903
138 904
138 905
138 906
138 907
138 908
138 909
138 910
138 911
139 863
139 899
139 900
139 901
139 902
139 903
139 905
139 906
139 907
139 909
139 910
139 1366
139 1762
140 863
140 901
140 903
140 906
140 907
140 908
140 910
140 911
142 143
142 144
142 145
142 146
143 468
143 575
143 667
143 668
143 669
143 670
143 671
143 672
143 673
144 277
144 669
144 670
144 673
145 469
145 669
145 670
145 673
145 875
145 926
146 673
147 148
147 149
147 150
148 465
148 1359
148 1785
149 268
149 322
149 1101
149 1359
149 1785
149 1798
150 268
150 276
150 465
150 1359
151 152
151 1121
152 225
152 237
152 508
152 677
152 817
152 1159
152 1338
152 1496
152 1581
152 1629
152 1713
152 1714
152 1715
152 1716
152 1717
152 1718
152 1958
152 2067
152 2068
152 2069
152 2070
152 2071
153 155
153 156
153 157
153 158
154 1745
155 156
155 157
155 590
155 1745
155 2010
155 2036
156 157
156 158
156 590
156 1235
156 1383
157 158
157 542
157 590
157 1235
157 1383
159 160
159 161
160 410
160 512
160 555
160 587
160 736
160 737
160 738
160 739
160 740
160 741
160 742
160 743
160 744
160 745
160 746
160 747
160 748
160 749
160 750
160 751
160 752
160 753
160 1994
161 170
161 214
161 555
161 737
161 741
161 743
161 744
161 745
161 746
161 1144
161 1164
161 1301
161 1336
161 1411
161 1560
161 1573
161 1603
161 1607
161 1608
161 1623
161 1646
161 1648
161 1731
161 1787
161 1788
161 1789
161 1790
161 1791
161 1792
161 1793
161 1794
161 1994
162 163
163 502
163 529
163 559
163 583
163 584
163 635
163 837
163 876
163 1040
163 1158
163 1189
163 1202
163 1233
163 1247
163 1254
163 1308
163 1328
163 1479
163 1512
163 1533
163 1576
163 1582
163 1602
163 1664
163 1665
163 1666
163 1667
163 1668
163 1669
163 1670
163 1671
163 1672
163 1673
163 1674
163 1675
163 1676
163 1677
163 1678
163 1679
163 1680
163 1681
163 1682
163 1683
164 165
164 166
164 167
164 168
164 169
164 305
164 705
164 1508
164 1509
165 222
165 304
165 305
165 306
165 413
165 705
165 945
165 1166
165 1527
165 1535
167 169
167 221
167 222
167 239
167 288
167 304
167 310
167 552
167 826
167 1118
167 1151
167 1152
167 1276
167 1324
167 1377
167 1382
167 1383
167 1384
167 1385
167 1386
167 1387
167 1388
167 1927
169 288
169 1118
169 1280
171 274
171 546
171 547
172 173
172 174
173 1314
173 1404
174 1314
174 1404
174 1561
174 1606
175 176
175 177
175 178
175 179
175 180
175 181
176 177
176 178
176 179
176 180
176 181
176 445
176 446
176 447
176 448
176 449
176 450
177 178
177 180
177 181
177 445
177 449
177 450
178 179
178 180
178 229
178 445
178 446
178 448
178 449
179 180
180 181
180 229
180 445
180 447
180 449
180 450
180 727
181 446
181 449
182 183
182 1999
183 302
183 435
183 1419
183 1475
184 185
185 370
185 2060
186 187
187 411
187 798
187 799
187 1068
187 1069
187 1304
187 1378
187 1481
187 1596
187 1614
187 1631
187 1694
187 1695
187 1696
187 1697
187 1698
187 1699
187 1700
188 189
190 191
192 193
192 194
192 195
192 196
192 197
192 198
192 199
192 200
192 201
192 202
192 203
192 204
192 205
192 206
192 207
192 444
192 1957
193 196
193 222
193 329
193 330
193 331
193 332
193 333
193 334
194 331
194 472
194 473
194 474
194 475
194 476
194 477
194 478
194 479
194 1169
195 199
195 206
195 331
195 476
195 600
196 329
196 331
196 476
196 641
196 871
196 872
196 873
198 227
198 240
198 475
198 478
198 635
198 1983
199 267
199 280
199 329
199 331
199 344
199 374
199 395
199 476
199 585
199 812
199 887
199 1157
199 1176
199 1177
199 1178
199 1179
199 1180
199 1181
199 1182
199 1183
199 1184
199 1185
199 1186
199 1187
199 1188
199 1979
199 1980
199 1981
199 1982
200 331
200 332
200 475
200 476
201 331
201 476
203 331
203 476
203 827
203 1170
203 1543
203 1585
203 1586
203 1587
204 331
204 362
204 472
204 475
204 476
204 816
204 1228
204 1365
204 1367
204 1397
204 1653
204 1687
204 1688
204 1689
204 1690
204 1691
204 1692
204 1978
205 331
205 476
205 1067
205 1473
205 1636
206 331
206 419
206 441
206 476
206 549
206 588
206 678
206 731
206 838
206 917
206 927
206 1040
206 1066
206 1147
206 1260
206 1298
206 1389
206 1554
206 1555
206 1557
206 1595
206 1642
206 1669
206 1693
206 1727
206 1830
206 1857
206 1870
206 1872
206 1873
206 1874
206 1876
206 1891
206 1892
206 1893
206 1894
206 1895
206 1896
206 1897
206 1898
206 1976
206 1977
206 1978
207 478
207 1186
207 1913
207 1914
208 209
210 211
210 212
210 213
211 212
211 213
211 270
211 598
211 888
211 1053
211 1085
211 1119
211 1150
211 1165
211 1594
211 1647
211 1735
212 213
212 1021
215 216
218 226
218 484
218 485
219 226
219 485
219 500
219 501
219 815
221 222
221 1989
222 307
222 309
222 705
222 1276
222 1277
222 1278
223 224
224 269
224 303
224 340
224 355
224 442
224 537
224 556
224 688
224 755
224 786
224 881
224 939
224 1110
224 1261
224 1300
224 1319
224 1401
224 1433
224 1476
224 1512
224 1516
224 1517
224 1532
224 1592
224 1624
224 1639
224 1708
224 1724
224 1728
224 1729
224 1743
224 1755
224 1819
224 1826
224 1855
224 1880
224 1881
224 1886
224 1890
224 1902
224 1903
224 1904
224 1905
224 1906
224 1907
226 427
226 815
228 229
229 448
229 449
230 231
230 2030
233 234
233 235
233 236
234 254
234 256
234 257
234 258
234 344
234 557
234 558
234 1071
234 1072
235 236
235 250
235 256
235 258
235 343
235 345
235 495
235 497
236 250
236 253
236 254
236 256
236 257
236 258
236 343
236 344
236 493
236 495
236 497
236 557
236 558
236 1071
237 238
239 240
240 247
240 499
240 695
240 696
240 697
240 698
240 699
240 700
240 701
240 702
240 703
240 704
240 705
240 706
240 707
240 708
240 709
240 710
240 711
240 712
240 713
240 714
240 715
240 1457
241 324
241 325
241 326
241 337
241 515
241 521
241 1123
241 1128
241 1237
241 2081
242 324
242 325
242 326
242 336
242 337
242 338
242 482
242 513
242 515
242 516
242 519
242 521
242 601
242 1123
242 1128
242 1136
242 1140
242 1583
242 2081
243 244
243 245
244 247
246 247
247 510
247 526
247 531
247 664
247 679
247 828
247 845
247 1047
247 1070
247 1130
247 1363
247 1369
247 1402
247 1403
247 1530
247 1531
247 1579
247 1637
247 1684
247 1701
247 1829
247 1831
247 1832
247 1848
247 1868
247 1869
248 249
249 273
249 356
249 380
249 381
249 391
249 398
249 524
249 578
249 581
249 599
249 622
249 669
249 759
249 767
249 769
249 787
249 830
249 841
249 846
249 859
249 865
249 868
249 874
249 946
249 947
249 949
249 951
249 952
249 954
249 955
249 956
249 957
249 958
249 959
249 960
249 961
249 963
249 964
249 965
249 966
249 967
249 968
249 969
249 970
249 971
249 972
249 973
249 974
249 975
249 976
249 977
249 978
249 980
249 981
249 982
249 984
249 985
249 986
249 987
249 988
249 989
249 990
249 991
249 992
249 994
249 996
249 997
249 999
249 1000
249 1001
249 1002
249 1003
249 1004
249 1005
249 1006
249 1007
249 1008
249 1009
249 1010
249 1011
249 1012
249 1014
249 1015
249 1016
249 1017
249 1018
249 1019
249 1020
249 1021
249 1023
249 1024
249 1025
249 1026
249 1027
249 1029
249 1030
249 1032
249 1033
249 1034
249 1035
249 1036
249 1148
249 1370
249 1381
249 1441
249 1443
249 1445
249 1534
249 1616
249 1638
249 1649
249 1650
249 1651
249 1652
250 251
250 252
250 253
250 254
250 255
250 256
250 257
250 258
251 252
251 253
251 254
251 255
251 292
251 344
251 493
251 494
251 495
251 496
251 497
251 498
252 253
252 254
252 255
252 256
252 257
252 258
252 344
252 495
252 557
252 558
253 254
253 255
253 258
253 292
253 343
253 344
253 493
253 494
253 495
253 496
253 497
253 498
253 558
253 888
253 892
253 1116
254 255
254 256
254 257
254 258
254 292
254 343
254 344
254 345
254 493
254 494
254 495
254 496
254 497
254 498
254 888
254 892
254 1116
255 256
255 257
255 258
255 343
255 344
255 493
255 495
255 497
255 557
255 558
255 892
256 495
256 496
256 888
257 493
257 495
257 496
257 497
257 888
257 892
258 343
258 344
258 493
258 494
258 496
258 497
258 498
258 888
259 260
261 1360
261 1533
261 1884
261 2058
261 2059
262 1360
262 1884
262 1958
263 264
263 2073
263 2074
264 1357
265 266
266 1000
266 1325
266 1337
266 1338
266 1339
271 272
272 1069
272 1304
273 274
273 275
273 276
273 277
273 278
273 279
274 317
274 322
274 356
274 381
274 383
274 391
274 398
274 524
274 578
274 581
274 599
274 622
274 669
274 759
274 766
274 767
274 769
274 830
274 841
274 846
274 859
274 865
274 868
274 874
274 946
274 947
274 948
274 949
274 950
274 951
274 952
274 953
274 954
274 955
274 956
274 957
274 958
274 959
274 960
274 961
274 962
274 963
274 964
274 965
274 966
274 967
274 968
274 969
274 970
274 971
274 972
274 973
274 974
274 975
274 976
274 977
274 978
274 979
274 980
274 981
274 982
274 983
274 984
274 985
274 986
274 987
274 988
274 989
274 990
274 991
274 992
274 993
274 994
274 995
274 996
274 997
274 998
274 999
274 1000
274 1001
274 1002
274 1003
274 1004
274 1005
274 1006
274 1007
274 1008
274 1009
274 1010
274 1011
274 1012
274 1013
274 1014
274 1015
274 1016
274 1017
274 1018
274 1019
274 1020
274 1021
274 1022
274 1023
274 1024
274 1025
274 1026
274 1027
274 1028
274 1029
274 1030
274 1031
274 1032
274 1033
274 1034
274 1035
274 1036
275 356
275 380
275 381
275 383
275 391
275 398
275 524
275 578
275 581
275 599
275 622
275 669
275 759
275 767
275 769
275 830
275 841
275 846
275 859
275 865
275 868
275 874
275 915
275 946
275 947
275 949
275 950
275 951
275 952
275 955
275 956
275 957
275 959
275 960
275 961
275 963
275 965
275 966
275 967
275 970
275 971
275 972
275 973
275 974
275 975
275 976
275 977
275 978
275 980
275 981
275 982
275 983
275 984
275 985
275 986
275 987
275 988
275 989
275 990
275 992
275 994
275 996
275 997
275 1000
275 1001
275 1002
275 1003
275 1004
275 1005
275 1006
275 1007
275 1008
275 1009
275 1010
275 1011
275 1012
275 1014
275 1015
275 1016
275 1017
275 1018
275 1019
275 1020
275 1023
275 1024
275 1025
275 1026
275 1027
275 1029
275 1030
275 1032
275 1033
275 1034
275 1035
275 1036
275 1440
275 1441
276 317
276 341
276 347
276 381
276 383
276 391
276 524
276 525
276 530
276 578
276 609
276 634
276 669
276 732
276 759
276 767
276 841
276 846
276 859
276 865
276 868
276 874
276 880
276 946
276 949
276 951
276 954
276 956
276 957
276 959
276 960
276 961
276 963
276 970
276 972
276 973
276 977
276 981
276 982
276 983
276 985
276 986
276 987
276 988
276 989
276 992
276 994
276 996
276 997
276 1001
276 1002
276 1003
276 1004
276 1007
276 1009
276 1011
276 1012
276 1017
276 1018
276 1019
276 1021
276 1024
276 1025
276 1026
276 1027
276 1029
276 1030
276 1034
276 1035
276 1103
276 1106
276 1441
276 1442
276 1443
276 1444
276 1445
276 1446
276 1447
276 1448
277 356
277 381
277 383
277 391
277 398
277 471
277 524
277 525
277 578
277 581
277 599
277 622
277 669
277 759
277 767
277 769
277 830
277 841
277 846
277 859
277 865
277 868
277 874
277 946
277 947
277 949
277 951
277 952
277 953
277 954
277 955
277 956
277 957
277 959
277 960
277 961
277 962
277 963
277 965
277 966
277 967
277 968
277 969
277 970
277 973
277 974
277 975
277 976
277 977
277 978
277 980
277 981
277 982
277 983
277 984
277 985
277 986
277 987
277 988
277 989
277 992
277 993
277 994
277 996
277 997
277 998
277 1000
277 1001
277 1002
277 1003
277 1004
277 1005
277 1006
277 1007
277 1008
277 1009
277 1010
277 1011
277 1012
277 1014
277 1015
277 1016
277 1017
277 1018
277 1019
277 1020
277 1021
277 1023
277 1024
277 1025
277 1026
277 1027
277 1028
277 1029
277 1030
277 1033
277 1034
277 1035
277 1036
277 1143
277 1441
277 1445
277 1447
277 1534
277 1616
277 1649
277 1721
278 383
278 391
278 524
278 525
278 578
278 622
278 640
278 668
278 669
278 759
278 767
278 811
278 841
278 846
278 859
278 865
278 868
278 880
278 949
278 951
278 956
278 957
278 959
278 960
278 961
278 963
278 965
278 970
278 973
278 975
278 976
278 977
278 980
278 981
278 982
278 983
278 985
278 986
278 987
278 988
278 989
278 992
278 994
278 996
278 997
278 1001
278 1002
278 1003
278 1004
278 1007
278 1008
278 1009
278 1011
278 1012
278 1017
278 1018
278 1019
278 1024
278 1025
278 1026
278 1027
278 1029
278 1030
278 1034
278 1432
278 1441
278 1443
278 1448
278 1534
278 1588
278 1802
278 1803
279 356
279 381
279 383
279 391
279 398
279 524
279 578
279 581
279 599
279 622
279 669
279 759
279 767
279 769
279 830
279 841
279 846
279 859
279 865
279 868
279 874
279 946
279 947
279 949
279 951
279 952
279 954
279 955
279 956
279 957
279 959
279 960
279 961
279 963
279 964
279 965
279 966
279 967
279 970
279 973
279 974
279 975
279 976
279 977
279 978
279 980
279 981
279 982
279 983
279 984
279 985
279 986
279 987
279 988
279 989
279 991
279 992
279 994
279 996
279 997
279 998
279 1000
279 1001
279 1002
279 1003
279 1004
279 1005
279 1006
279 1007
279 1008
279 1009
279 1011
279 1012
279 1014
279 1015
279 1016
279 1017
279 1018
279 1019
279 1020
279 1023
279 1024
279 1025
279 1026
279 1027
279 1029
279 1030
279 1033
279 1034
279 1035
279 1036
279 1041
279 1441
279 1538
279 1616
279 1649
281 282
281 352
281 353
282 351
284 285
285 288
285 306
285 388
285 627
285 986
285 1114
285 1615
285 1630
286 287
286 288
287 337
287 612
287 613
287 614
287 615
287 616
287 617
287 618
287 619
287 620
287 1915
288 337
288 544
288 612
288 613
288 614
288 615
288 617
288 618
288 619
288 847
288 915
288 1472
288 1473
288 1750
288 1915
289 290
289 291
289 292
289 293
289 294
289 295
289 296
289 297
289 1621
290 735
292 344
293 296
293 316
293 1130
294 296
294 297
294 316
294 1130
294 1644
294 1645
296 1644
297 1644
298 299
299 789
299 1750
300 301
301 806
304 307
304 308
304 309
304 310
304 311
304 312
304 705
304 1925
305 306
305 1166
305 1527
306 337
306 705
306 1294
306 1503
306 1510
306 1756
306 1912
312 1766
312 1956
314 315
314 316
316 925
316 1769
316 1806
318 319
318 320
319 320
322 323
322 1359
323 463
323 1272
323 1844
324 335
324 798
324 1378
324 1596
324 1611
326 603
326 605
327 328
331 941
331 989
331 1270
331 1372
335 336
335 337
335 338
335 339
336 602
336 603
336 605
336 658
337 552
337 554
337 603
337 737
337 1043
337 1045
337 1279
337 1280
337 1281
337 1324
337 1753
337 1918
337 1919
337 1920
337 1921
337 1922
337 1923
338 604
338 1226
338 1386
338 1437
339 1326
339 1327
339 1487
339 1598
343 344
343 345
344 345
344 493
344 494
344 495
344 496
344 497
344 557
344 888
345 493
345 497
345 498
345 888
346 347
347 1450
347 1862
349 350
350 890
350 1081
350 1082
350 1083
350 1084
351 352
351 353
354 355
355 589
355 635
355 754
355 797
355 829
355 889
355 1057
355 1105
355 1119
355 1160
355 1202
355 1230
355 1299
355 1346
355 1356
355 1368
355 1396
355 1451
355 1453
355 1454
355 1455
355 1456
355 1457
355 1458
355 1459
355 1460
355 1461
355 1462
355 1463
355 1464
355 1465
355 1466
355 1467
355 1468
355 1469
355 1470
355 1471
357 358
359 360
359 361
360 582
361 486
361 582
361 637
363 364
363 365
363 366
363 367
363 368
364 365
364 366
364 368
364 625
364 626
364 627
364 628
364 629
364 630
365 366
365 368
365 626
365 627
365 629
365 630
365 877
365 878
366 367
366 626
366 877
366 878
366 1400
366 1480
368 626
368 877
368 878
368 1400
368 1480
369 370
369 2021
370 804
370 1226
370 1543
370 1544
370 1545
370 1546
370 1547
370 2037
370 2063
371 372
371 373
372 373
372 722
375 376
376 608
376 1265
376 1577
376 1871
377 378
377 379
377 380
377 381
377 382
377 383
378 380
378 381
378 382
378 383
378 986
378 1015
378 1113
378 1114
378 1115
380 383
381 382
381 383
381 986
381 1015
381 1113
381 1114
381 1115
382 383
382 986
382 1015
382 1113
382 1114
382 1115
383 868
383 986
383 1015
383 1113
383 1114
383 1115
385 386
385 387
385 388
385 389
385 390
385 391
385 392
385 393
386 387
386 390
386 763
387 388
387 389
387 390
387 391
387 392
387 393
388 390
388 1409
388 2008
389 390
389 1409
390 391
390 392
390 393
391 471
391 763
391 949
392 570
392 1409
393 763
393 1409
395 396
399 400
399 401
400 401
400 850
401 850
402 403
402 404
402 405
402 406
402 407
402 408
402 409
403 404
403 405
403 406
403 407
403 408
403 409
403 410
403 418
403 1058
403 1059
403 1060
403 1061
403 1062
403 1063
403 1064
403 1065
403 1942
403 1943
404 405
404 407
404 408
404 409
405 409
405 1059
406 407
406 409
407 408
407 409
408 409
411 412
412 1631
412 1696
412 1697
413 414
413 415
413 416
414 945
414 1166
414 1527
414 1535
414 1944
415 945
415 1166
415 1527
415 1535
416 945
416 1166
416 1527
416 1535
417 418
417 419
418 512
418 823
418 824
418 2041
420 421
420 422
420 423
424 425
424 426
427 428
428 1271
429 430
430 1129
431 432
432 1103
432 1154
432 1340
432 1410
432 1482
432 1565
432 1632
432 1641
432 1828
432 1865
432 1866
432 1867
433 434
433 435
433 436
434 435
434 436
434 835
435 564
435 1418
435 1999
438 439
438 440
443 444
444 481
444 483
444 723
444 724
444 725
444 726
445 447
445 449
445 450
446 448
446 449
446 727
446 728
446 729
446 730
448 449
449 450
452 453
452 454
452 455
452 456
452 457
452 621
453 454
453 457
453 621
453 648
453 649
453 650
453 651
453 652
453 653
453 654
453 655
453 656
454 456
454 649
454 651
454 652
455 457
455 651
455 656
456 649
456 652
457 461
457 648
457 650
457 651
457 653
457 1054
457 1833
458 459
459 1656
460 461
461 621
461 651
461 654
461 1054
461 1539
462 463
462 464
462 465
465 831
465 1099
466 467
467 1825
468 469
468 470
468 787
468 2066
469 550
469 575
469 579
469 581
469 640
469 668
469 671
469 672
469 673
469 675
469 676
469 764
469 765
469 766
469 767
469 768
469 769
469 770
469 1016
469 2066
470 575
470 668
470 671
470 672
470 1148
475 1403
476 941
476 1372
476 1513
476 1957
477 2160
480 481
480 483
481 482
481 483
482 483
482 605
482 724
482 1044
482 1226
482 1386
482 1437
482 2040
484 815
485 815
486 487
486 488
486 489
486 490
486 2138
487 488
487 490
487 548
487 734
487 1111
487 1112
488 870
490 1077
490 1078
490 1229
490 1839
490 1928
493 558
497 557
500 815
500 822
501 815
501 822
503 504
504 1709
504 1710
505 506
505 2048
506 881
506 882
506 1774
506 1815
507 508
507 509
509 1400
511 512
512 551
512 836
512 1193
512 1640
512 1702
512 1736
512 1812
514 853
514 854
516 603
519 602
519 604
519 605
519 2044
523 2001
527 528
527 529
527 2005
532 533
532 534
532 535
532 536
533 534
533 535
533 536
533 1098
533 1390
533 1391
533 1392
534 1390
535 536
535 1390
536 1390
537 538
537 539
537 540
537 1964
541 542
541 543
542 590
542 591
542 592
542 593
542 594
542 595
543 591
543 592
543 593
543 594
543 595
545 546
545 547
546 914
546 915
546 916
546 1048
547 914
547 916
550 787
552 553
552 554
552 1276
558 888
561 562
561 563
562 563
565 566
567 568
567 569
569 808
569 1852
569 1853
570 571
570 572
570 573
570 574
570 575
570 576
570 577
570 578
570 579
570 580
570 581
571 573
571 787
572 761
573 575
573 1006
573 1010
573 1053
573 1305
574 575
574 577
574 578
574 579
574 581
574 787
574 1006
574 1010
574 1053
575 577
575 579
575 674
575 676
575 767
575 787
575 875
575 1006
575 1010
575 1053
575 1491
576 580
576 1052
577 578
577 579
577 663
577 767
577 1006
577 1010
577 1052
577 1053
577 1074
577 1259
577 1306
577 1491
578 579
578 581
578 787
578 1006
578 1010
578 1053
578 1492
579 581
579 787
579 875
579 1006
579 1010
579 1052
579 1053
579 1492
579 1931
580 1052
581 668
581 674
581 787
581 1052
594 1434
594 2095
594 2096
595 1235
596 597
597 1421
600 2118
601 602
601 603
601 604
601 605
602 2081
603 1236
603 1237
603 2081
604 2081
606 607
607 1284
607 1599
607 1600
607 1601
610 611
611 646
611 1104
611 1331
611 1398
611 1414
612 2153
612 2157
621 1833
621 1924
623 624
624 1248
624 1249
624 1250
625 657
626 657
626 877
626 878
627 878
628 877
628 878
628 1480
630 878
632 633
636 637
637 1051
637 1345
638 639
638 640
639 2064
640 676
640 787
640 875
640 926
640 1145
640 1146
640 2064
642 643
643 1811
644 1766
645 1529
645 1619
645 1766
645 1767
646 647
647 1730
648 654
648 655
648 883
649 652
650 655
651 1761
654 655
654 656
654 883
654 1167
654 1783
657 1376
657 1768
659 660
659 661
659 662
660 662
660 1253
660 1256
660 1763
665 666
667 674
668 674
668 787
669 1024
670 671
670 1537
671 673
671 674
671 787
672 782
672 787
672 875
672 926
673 674
673 1024
674 675
674 676
675 782
675 787
675 875
675 879
675 880
675 926
676 782
676 787
676 875
676 879
676 880
676 926
676 1145
676 1146
680 681
680 682
680 683
680 684
680 685
686 687
688 689
689 1639
690 691
690 692
690 693
690 694
691 692
691 693
691 694
692 1297
694 1297
694 1845
701 932
701 1422
702 1403
704 1403
712 1403
716 717
717 1099
718 719
720 721
721 1556
728 803
728 852
730 1450
734 1149
736 820
736 821
737 862
741 789
745 1519
753 1536
756 757
756 758
756 759
756 760
757 820
757 821
758 1017
759 1017
762 763
764 787
764 875
764 1145
764 1146
765 787
765 875
765 879
765 880
765 926
765 1145
765 1146
766 787
766 1145
766 1146
767 1025
767 1145
767 1146
768 1145
768 1146
769 926
769 1146
770 787
770 926
770 1145
770 1146
771 772
771 773
771 774
771 775
772 773
772 1570
772 1571
773 774
773 775
773 1570
773 1571
773 1824
774 775
774 1570
774 1571
774 1824
775 1570
775 1571
775 1824
778 779
780 781
783 784
783 785
784 1405
784 1861
785 1405
785 1861
787 874
787 879
787 880
787 1016
787 1074
787 1148
787 1306
787 1491
787 1492
787 1494
787 2065
788 789
789 825
789 923
789 1333
789 1334
789 1335
789 2056
790 791
792 793
792 794
792 795
792 796
794 1589
795 1589
796 1589
798 799
799 1304
799 1378
799 1596
799 1631
800 801
800 802
800 803
801 803
805 806
806 1142
807 808
808 1490
809 810
813 814
814 1626
815 1578
818 819
820 1412
820 1413
821 1412
821 1413
821 1566
830 831
832 833
832 834
832 1959
834 1332
834 1452
834 1575
834 1838
834 1960
835 836
840 841
841 1785
842 843
842 844
843 844
843 1302
844 1302
844 1823
848 849
849 1399
853 1077
853 1079
853 1080
853 1371
853 2135
853 2136
854 1079
855 856
855 857
856 857
856 1567
858 2013
860 861
863 864
864 899
864 900
864 901
864 902
864 903
864 904
864 905
864 908
864 909
864 1762
866 867
869 870
874 875
877 1393
877 1394
878 1393
878 1394
878 1430
881 882
881 2048
882 2048
884 885
885 1161
888 2049
894 895
896 897
896 898
896 1932
897 940
898 940
903 907
908 909
912 913
915 1705
915 1742
918 919
918 920
918 2093
918 2094
919 1598
919 1617
919 1860
920 1598
920 1617
920 1860
921 922
924 925
925 1162
925 1235
925 1285
925 1335
925 1383
925 1497
925 1659
925 1778
925 1779
925 1780
925 1781
925 1782
925 1783
925 1784
928 929
928 930
928 931
929 931
929 1266
931 1266
931 1842
933 934
933 935
933 936
933 937
934 938
934 1542
935 938
935 1542
936 938
936 1542
937 938
937 1542
941 942
941 943
941 944
941 2057
942 944
943 1444
943 1593
944 1438
959 1526
964 1342
974 1450
986 1015
986 1113
986 1114
986 1115
986 1772
1006 1010
1006 1052
1006 1074
1006 1259
1006 1306
1006 1491
1006 1492
1006 1493
1010 1053
1015 1113
1015 1114
1015 1115
1016 1145
1016 1146
1025 1887
1038 1039
1039 2022
1039 2023
1048 1049
1048 1050
1055 1056
1061 1584
1068 1069
1068 1596
1069 1317
1069 1318
1073 1153
1073 1946
1075 1076
1077 1078
1077 1079
1077 1080
1077 2055
1078 1080
1079 1080
1079 1764
1079 1841
1079 1856
1080 1120
1080 1816
1080 1883
1086 1098
1087 1098
1088 1098
1088 1428
1088 1429
1089 1273
1091 1098
1091 1428
1091 1429
1091 1706
1095 1098
1096 1098
1098 1337
1099 1100
1099 1101
1102 1103
1102 1104
1103 1397
1104 1643
1107 1108
1107 1109
1109 1262
1109 1375
1109 1407
1109 1408
1111 1149
1111 1928
1112 1928
1113 1114
1113 1115
1114 1115
1117 1118
1118 1151
1118 1152
1118 1377
1121 1122
1122 1551
1129 2060
1151 1152
1155 1156
1166 1294
1166 1704
1166 1756
1177 2085
1218 2001
1234 1235
1235 1383
1238 1239
1238 2081
1240 1241
1242 1243
1242 1244
1242 1245
1242 1246
1243 1245
1243 1273
1251 1252
1255 1256
1257 1258
1263 1264
1263 1265
1267 1268
1267 1269
1273 1288
1273 1289
1273 1290
1273 1291
1273 1292
1273 1293
1274 1275
1274 1995
1275 1355
1275 1995
1277 1278
1281 1916
1281 1917
1282 1283
1286 1287
1287 1822
1289 1997
1291 1997
1294 1527
1295 1296
1296 1540
1296 1541
1304 1864
1309 1310
1309 1311
1309 1312
1313 1489
1313 1574
1313 1726
1313 1849
1314 1315
1314 1316
1314 1992
1315 1404
1316 1404
1317 1694
1318 1882
1320 1321
1320 2097
1322 1323
1329 1330
1329 1331
1330 1331
1330 2111
1331 1796
1331 1797
1332 1959
1335 1618
1335 1760
1337 1338
1337 1339
1337 1810
1338 1836
1338 2084
1339 1810
1342 1343
1342 1344
1347 1348
1350 1351
1350 1352
1353 1354
1354 1660
1354 1901
1355 1909
1358 1359
1359 1361
1359 1362
1359 1661
1359 1785
1361 1362
1362 1431
1364 1529
1364 1619
1364 1766
1364 1801
1373 1374
1379 1380
1379 1381
1379 1840
1379 1993
1393 1843
1394 1843
1399 1754
1405 1406
1407 1408
1413 1566
1415 1416
1415 2122
1416 1885
1417 1418
1419 1999
1423 1424
1423 1425
1426 1427
1435 1436
1436 1953
1436 1973
1436 1975
1438 1439
1449 1450
1450 1564
1450 1956
1450 2046
1450 2116
1452 1959
1457 1536
1457 1584
1472 1473
1472 1928
1483 1484
1485 1486
1487 1488
1498 1499
1498 1500
1500 1725
1501 1502
1504 1505
1506 1507
1506 1508
1506 1509
1514 1515
1519 1520
1519 1521
1520 1879
1522 1523
1524 1525
1527 1704
1527 1756
1528 1529
1529 1572
1540 1541
1540 1820
1541 1820
1542 1970
1542 1971
1542 1972
1548 1549
1548 1550
1549 1550
1549 1737
1550 1737
1550 1821
1551 2083
1552 1553
1558 1559
1559 1863
1562 1563
1562 2054
1567 1947
1568 1569
1570 1759
1589 1590
1589 1591
1597 1598
1598 1617
1600 1738
1604 1605
1611 2081
1612 1613
1621 1622
1627 1628
1632 1949
1632 1950
1632 1951
1633 1634
1654 1655
1656 1657
1656 1658
1662 1663
1685 1686
1685 2047
1703 1704
1704 1846
1704 1847
1706 1707
1710 1786
1711 1712
1712 1740
1712 1741
1719 1720
1720 1773
1720 1911
1723 1724
1732 1733
1732 1734
1735 1992
1739 1740
1739 1741
1740 1741
1740 1877
1740 1878
1741 1878
1744 2003
1744 2004
1745 1746
1745 2010
1745 2011
1747 1748
1751 1752
1757 1758
1770 1771
1774 2048
1775 1776
1796 1797
1797 2024
1804 1805
1804 1926
1813 1814
1815 2048
1817 1818
1823 2080
1839 1840
1840 1952
1840 2149
1840 2151
1840 2152
1850 1851
1858 1859
1858 1963
1860 2085
1860 2091
1860 2093
1860 2094
1875 1876
1876 2159
1888 1889
1889 1910
1889 2000
1890 2134
1898 2062
1899 1900
1912 1916
1919 2134
1928 1929
1928 1930
1928 2131
1932 2121
1934 1935
1936 1937
1939 1940
1954 1955
1956 1998
1959 1960
1962 2037
1965 1966
1967 1968
1967 1969
1973 1974
1974 1975
1986 1987
1987 1988
1990 1991
2000 2001
2005 2118
2006 2007
2010 2011
2010 2012
2014 2015
2014 2016
2014 2017
2015 2016
2015 2017
2016 2017
2018 2019
2018 2020
2026 2027
2032 2033
2034 2035
2037 2038
2037 2039
2046 2122
2050 2051
2050 2052
2051 2052
2072 2073
2072 2074
2075 2076
2081 2082
2085 2086
2085 2087
2085 2088
2085 2089
2085 2090
2087 2090
2087 2092
2090 2091
2090 2092
2097 2098
2099 2100
2101 2102
2103 2104
2105 2106
2105 2107
2106 2107
2108 2109
2112 2113
2114 2115
2117 2119
2118 2120
2122 2123
2122 2124
2122 2125
2122 2126
2122 2127
2122 2128
2122 2129
2122 2130
2131 2132
2133 2134
2138 2139
2141 2142
2143 2144
2143 2145
2143 2146
2143 2147
2143 2148
2149 2150
2150 2151
2153 2154
2153 2155
2153 2156
2153 2157
2153 2158
2154 2156
2155 2156
