*Vertices 1095
*Arcs
6 7
6 8
27 94
27 98
27 418
27 419
27 611
27 893
27 920
27 1013
30 48
30 54
30 63
30 85
30 484
41 39
41 322
41 336
41 372
41 409
41 613
51 823
51 824
51 1066
53 52
53 290
74 141
74 142
74 143
74 781
74 895
74 896
74 897
74 1005
77 106
77 108
77 109
77 110
77 244
77 245
77 246
77 261
77 296
77 581
77 582
77 770
77 904
81 24
81 78
81 80
81 362
101 45
101 49
101 285
116 500
116 501
116 502
116 503
116 505
116 506
116 509
116 549
128 6
128 7
128 8
128 10
128 24
128 39
128 41
128 47
128 52
128 60
128 61
128 69
128 70
128 71
128 72
128 73
128 75
128 78
128 80
128 81
128 94
128 98
128 106
128 107
128 108
128 109
128 111
128 113
128 134
128 135
128 136
128 138
128 139
128 145
128 150
128 152
128 157
128 158
128 159
128 160
128 161
128 162
128 163
128 165
128 166
128 169
128 173
128 177
128 178
128 181
128 182
128 188
128 206
128 208
128 209
128 210
128 211
128 213
128 215
128 216
128 220
128 229
128 230
128 231
128 236
128 241
128 248
128 249
128 258
128 282
128 284
128 290
128 314
128 317
128 322
128 323
128 324
128 336
128 337
128 338
128 339
128 340
128 349
128 350
128 357
128 362
128 363
128 364
128 365
128 370
128 372
128 373
128 394
128 395
128 400
128 401
128 402
128 408
128 409
128 411
128 415
128 420
128 425
128 426
128 427
128 437
128 449
128 465
128 468
128 473
128 483
128 485
128 493
128 494
128 497
128 498
128 500
128 501
128 502
128 503
128 505
128 506
128 507
128 509
128 510
128 526
128 533
128 538
128 543
128 546
128 548
128 554
128 559
128 562
128 563
128 570
128 571
128 577
128 579
128 580
128 581
128 583
128 591
128 595
128 596
128 599
128 600
128 601
128 602
128 605
128 606
128 609
128 613
128 619
128 620
128 624
128 625
128 626
128 640
128 644
128 645
128 650
128 651
128 652
128 653
128 654
128 655
128 683
128 684
128 685
128 687
128 703
128 720
128 721
128 722
128 725
128 726
128 727
128 729
128 732
128 733
128 734
128 735
128 736
128 737
128 738
128 742
128 743
128 749
128 750
128 759
128 760
128 762
128 763
128 769
128 771
128 772
128 777
128 778
128 779
128 780
128 782
128 783
128 784
128 785
128 786
128 787
128 788
128 789
128 795
128 820
128 821
128 845
128 846
128 848
128 859
128 860
128 863
128 889
128 891
128 893
128 902
128 903
128 904
128 905
128 920
128 922
128 926
128 927
128 928
128 929
128 940
128 955
128 966
128 971
128 972
128 973
128 975
128 977
128 980
128 982
128 986
128 989
128 991
128 1001
128 1002
128 1007
128 1014
128 1015
128 1017
128 1047
128 1052
128 1053
128 1062
128 1063
128 1064
128 1065
128 1091
130 384
130 558
130 632
130 688
130 810
130 825
130 826
130 854
130 855
130 979
139 133
139 164
139 176
139 318
139 402
139 665
139 898
149 373
149 411
149 510
149 548
149 977
186 182
187 478
195 3
195 194
195 198
195 199
195 200
195 201
195 360
221 150
221 209
221 210
221 211
221 213
221 215
221 216
221 220
221 236
221 533
221 788
221 1001
224 310
232 230
232 231
232 263
232 267
232 495
232 508
232 785
237 438
237 439
237 451
237 452
237 488
243 238
243 239
243 277
243 515
243 560
243 850
259 225
259 226
259 227
259 228
259 255
259 453
260 475
260 556
260 1075
261 46
265 269
265 270
265 271
265 562
272 266
273 274
273 275
274 42
274 90
274 273
274 275
274 310
274 344
274 416
274 417
274 582
274 604
274 627
274 764
274 765
274 987
274 1089
282 406
282 987
289 668
289 847
289 1022
289 1024
289 1025
289 1026
289 1027
289 1035
289 1036
291 119
291 1023
293 294
293 295
293 298
299 1008
299 1009
300 104
300 133
300 301
300 462
300 470
300 496
300 536
300 665
300 862
300 952
300 1067
313 311
313 312
330 184
330 219
330 327
330 328
330 329
330 378
330 467
330 499
330 566
330 610
330 621
330 622
330 623
330 630
330 633
330 635
330 673
330 675
330 676
330 677
330 678
330 679
330 680
330 793
330 798
330 799
330 802
330 803
330 804
330 805
330 806
330 807
330 808
330 809
330 861
330 869
330 932
330 935
330 936
330 937
330 938
330 939
330 941
330 970
330 974
330 976
330 990
339 169
339 177
339 178
339 338
339 340
339 349
339 350
339 523
339 818
367 185
367 214
367 284
367 397
367 467
367 499
367 704
367 705
367 706
367 739
367 740
367 744
367 751
367 752
367 798
367 799
367 809
367 866
367 890
367 917
367 919
367 956
367 1071
367 1073
375 212
375 222
375 391
376 1
376 64
376 66
376 67
376 115
376 127
376 131
376 147
376 185
376 217
376 345
376 346
376 347
376 348
376 351
376 369
376 374
376 377
376 382
376 393
376 397
376 440
376 446
376 447
376 466
376 518
376 641
376 704
376 705
376 706
376 739
376 740
376 755
376 756
376 758
376 832
376 857
376 866
376 870
376 890
376 893
376 917
376 957
376 965
376 969
395 229
395 394
396 68
396 343
396 450
396 490
396 790
396 792
396 823
396 824
396 1066
402 83
402 86
402 87
402 88
402 89
402 91
402 92
402 146
402 325
402 326
402 335
402 387
402 389
402 390
402 392
402 604
402 625
402 636
402 637
402 638
402 639
402 814
402 815
402 816
402 817
402 837
402 838
402 839
402 840
402 841
402 842
402 843
402 844
402 949
402 951
402 1043
423 233
423 297
423 422
423 575
423 585
424 11
424 26
424 32
424 55
424 56
424 57
424 58
424 59
424 97
424 105
424 148
424 157
424 158
424 159
424 160
424 161
424 162
424 163
424 165
424 166
424 192
424 193
424 196
424 197
424 230
424 231
424 233
424 257
424 263
424 267
424 286
424 287
424 288
424 292
424 297
424 316
424 331
424 332
424 380
424 401
424 404
424 405
424 407
424 415
424 422
424 423
424 454
424 455
424 456
424 457
424 458
424 459
424 460
424 461
424 464
424 468
424 480
424 482
424 491
424 495
424 500
424 501
424 502
424 503
424 504
424 505
424 506
424 508
424 509
424 535
424 539
424 540
424 554
424 562
424 575
424 577
424 579
424 583
424 585
424 604
424 628
424 629
424 671
424 672
424 683
424 684
424 687
424 708
424 709
424 710
424 711
424 712
424 713
424 714
424 715
424 716
424 717
424 730
424 777
424 778
424 780
424 782
424 783
424 784
424 786
424 787
424 845
424 846
424 848
424 863
424 874
424 875
424 876
424 877
424 878
424 879
424 880
424 931
424 933
424 934
424 968
424 982
424 992
424 993
424 994
424 995
424 996
424 997
424 998
424 1015
424 1028
424 1029
424 1030
424 1031
424 1032
424 1033
424 1064
424 1077
428 430
428 431
432 682
432 797
432 958
441 356
441 358
441 359
441 1078
441 1093
445 436
448 607
448 656
448 657
448 745
448 747
463 497
463 498
469 157
469 158
469 159
469 160
469 161
469 162
469 163
469 165
469 166
469 468
473 36
473 176
473 257
473 289
473 343
473 365
473 367
473 400
473 557
473 562
473 797
473 823
473 824
473 889
473 898
473 917
473 978
473 1016
473 1020
473 1066
477 476
477 479
478 208
478 856
497 73
497 184
497 188
497 219
497 330
497 354
497 355
497 378
497 583
497 610
497 621
497 622
497 623
497 624
497 630
497 633
497 635
497 673
497 675
497 676
497 677
497 678
497 679
497 680
497 732
497 802
497 845
497 846
497 861
497 869
497 874
497 875
497 876
497 877
497 878
497 879
497 880
497 932
497 935
497 936
497 937
497 938
497 939
497 941
497 942
497 970
497 974
497 976
497 990
498 184
498 219
498 330
498 378
498 610
498 621
498 622
498 623
498 630
498 633
498 635
498 673
498 675
498 676
498 677
498 678
498 679
498 680
498 802
498 861
498 869
498 932
498 935
498 936
498 937
498 938
498 939
498 941
498 942
498 970
498 974
498 976
498 990
504 11
504 26
504 28
504 32
504 90
504 97
504 105
504 137
504 148
504 269
504 270
504 271
504 289
504 293
504 294
504 295
504 298
504 331
504 332
504 364
504 401
504 438
504 439
504 451
504 452
504 454
504 455
504 456
504 457
504 458
504 459
504 460
504 461
504 464
504 480
504 488
504 540
504 554
504 567
504 577
504 579
504 583
504 604
504 628
504 629
504 642
504 643
504 647
504 668
504 683
504 684
504 685
504 687
504 730
504 732
504 757
504 771
504 777
504 778
504 779
504 780
504 782
504 783
504 784
504 785
504 786
504 787
504 845
504 846
504 847
504 905
504 911
504 912
504 913
504 915
504 916
504 920
504 926
504 931
504 933
504 934
504 1008
504 1009
504 1022
504 1024
504 1025
504 1026
504 1027
504 1035
504 1036
504 1052
504 1053
504 1062
504 1063
504 1065
504 1077
509 500
509 501
509 502
509 503
509 505
509 506
510 73
510 188
510 624
519 76
519 99
519 102
519 144
519 202
519 204
519 205
519 302
519 412
519 873
519 954
519 957
519 981
519 983
519 1040
522 43
522 44
522 257
522 269
522 270
522 271
522 286
522 287
522 288
522 292
522 315
522 320
522 321
522 357
522 644
522 645
522 726
522 727
522 729
522 829
522 859
522 860
522 923
522 1077
525 79
525 572
525 617
534 106
534 107
534 108
534 109
534 1002
537 483
537 538
542 541
542 544
542 545
547 3
547 48
547 54
547 63
547 77
547 85
547 174
547 175
547 194
547 195
547 196
547 198
547 199
547 200
547 201
547 334
547 360
547 437
547 484
547 631
547 690
547 737
547 738
547 768
547 785
547 950
547 967
547 1051
551 153
551 280
551 511
551 512
551 513
551 514
551 516
551 517
551 520
551 521
551 524
551 528
551 529
551 530
551 531
551 695
551 696
551 697
551 698
551 699
551 701
551 702
551 849
551 852
551 1011
551 1094
552 117
552 550
555 74
555 141
555 142
555 143
555 304
555 305
555 306
555 486
555 487
555 489
555 728
555 781
555 1044
555 1045
555 1046
555 1048
555 1049
568 569
569 33
569 35
569 42
569 90
569 235
569 262
569 273
569 274
569 275
569 344
569 402
569 416
569 417
569 554
569 604
569 627
569 707
569 764
569 765
569 987
569 1089
570 324
570 364
570 485
570 595
570 600
573 881
573 882
573 883
573 884
573 885
573 887
573 888
582 581
596 493
596 494
596 559
596 599
596 601
596 602
596 605
596 820
596 821
600 324
600 364
600 485
600 570
600 595
606 406
606 987
608 43
608 44
608 173
608 580
608 619
608 626
608 772
608 927
612 982
616 244
616 245
616 246
616 308
616 396
616 614
616 619
616 620
616 628
616 629
616 870
616 931
616 933
616 934
616 1008
616 1009
618 62
618 619
618 620
619 62
619 308
619 473
619 614
619 620
619 800
619 856
619 1008
619 1009
619 1068
631 122
631 123
631 661
631 692
637 325
637 326
637 335
637 636
637 638
637 639
642 647
645 357
645 644
650 546
650 651
650 652
650 653
650 654
650 655
651 546
651 650
651 652
651 653
651 654
651 655
662 3
662 55
662 56
662 57
662 58
662 59
662 194
662 195
662 198
662 199
662 200
662 201
662 360
662 535
662 658
662 659
662 660
662 708
662 709
662 710
662 711
662 712
662 713
662 714
662 715
662 716
662 717
662 992
662 993
662 996
662 1028
662 1029
662 1030
662 1031
662 1033
667 212
667 222
667 391
674 68
674 343
674 396
674 450
674 490
674 790
674 792
674 823
674 824
674 1066
681 2
681 13
681 14
681 15
681 16
681 17
681 18
681 19
681 20
681 22
681 23
681 38
681 103
681 106
681 107
681 108
681 109
681 119
681 171
681 206
681 212
681 222
681 234
681 244
681 245
681 246
681 251
681 252
681 253
681 254
681 256
681 316
681 343
681 361
681 365
681 391
681 543
681 576
681 584
681 646
681 648
681 649
681 669
681 791
681 892
681 910
681 914
681 918
681 940
681 958
681 960
681 961
681 962
681 980
681 987
681 1002
681 1023
681 1080
681 1085
681 1086
681 1087
681 1088
686 69
686 70
686 71
686 72
686 249
686 284
686 465
686 742
686 893
686 904
687 642
687 643
687 647
687 683
687 684
687 685
723 720
723 721
723 722
724 75
724 425
724 426
724 427
724 725
724 966
731 140
731 691
731 693
731 694
731 801
731 835
731 851
731 853
731 985
731 1006
731 1038
731 1058
731 1059
731 1070
737 9
737 29
737 74
737 77
737 93
737 100
737 114
737 132
737 155
737 172
737 174
737 175
737 190
737 368
737 371
737 437
737 472
737 481
737 590
737 603
737 666
737 670
737 691
737 693
737 694
737 738
737 800
737 836
737 899
737 950
737 985
737 1006
737 1068
737 1092
741 343
741 557
746 749
746 750
748 1037
751 214
751 752
751 956
751 1071
751 1073
754 352
754 353
767 764
767 765
768 278
768 766
769 415
769 583
769 845
769 846
769 848
769 905
769 1047
769 1091
774 718
774 719
774 773
776 1023
794 79
794 449
794 525
794 572
794 617
794 789
819 25
819 82
819 84
819 94
819 95
819 98
819 129
819 154
819 156
819 212
819 222
819 296
819 333
819 381
819 391
819 413
819 414
819 471
819 565
819 770
819 858
819 959
819 999
819 1055
819 1056
819 1069
819 1074
822 69
822 70
822 71
822 72
822 465
822 742
831 42
831 90
831 170
831 264
831 273
831 274
831 275
831 279
831 283
831 344
831 373
831 411
831 548
831 604
831 627
831 900
831 977
831 987
833 218
833 558
833 810
833 828
833 854
833 855
833 864
833 865
833 867
833 868
833 1042
834 379
834 894
856 4
856 13
856 14
856 15
856 16
856 17
856 18
856 19
856 103
856 106
856 107
856 108
856 109
856 124
856 125
856 126
856 258
856 266
856 286
856 287
856 288
856 292
856 309
856 330
856 343
856 385
856 386
856 388
856 396
856 442
856 443
856 480
856 497
856 498
856 526
856 557
856 619
856 620
856 674
856 730
856 761
856 791
856 906
856 930
856 970
856 976
856 982
856 987
856 1002
856 1008
856 1009
856 1064
856 1076
862 303
862 536
862 565
883 881
883 882
883 884
883 885
883 887
883 888
893 37
893 40
893 50
893 168
893 250
893 276
893 403
893 553
893 564
893 634
893 811
893 1084
901 203
901 207
901 449
901 532
901 789
901 794
903 5
903 11
903 12
903 21
903 26
903 31
903 32
903 34
903 65
903 96
903 112
903 118
903 120
903 145
903 148
903 167
903 179
903 180
903 183
903 189
903 191
903 208
903 223
903 240
903 242
903 247
903 257
903 273
903 274
903 275
903 281
903 282
903 286
903 287
903 288
903 292
903 307
903 319
903 341
903 342
903 357
903 366
903 383
903 400
903 401
903 410
903 418
903 419
903 429
903 433
903 434
903 435
903 442
903 443
903 444
903 454
903 455
903 456
903 457
903 458
903 459
903 460
903 461
903 464
903 492
903 526
903 527
903 540
903 562
903 563
903 571
903 574
903 578
903 586
903 587
903 588
903 589
903 592
903 593
903 594
903 597
903 598
903 606
903 615
903 644
903 645
903 663
903 664
903 683
903 684
903 685
903 687
903 761
903 775
903 777
903 778
903 780
903 782
903 783
903 786
903 787
903 796
903 812
903 813
903 830
903 856
903 871
903 872
903 874
903 875
903 876
903 877
903 878
903 879
903 880
903 886
903 889
903 902
903 906
903 907
903 908
903 924
903 925
903 926
903 943
903 944
903 945
903 946
903 947
903 948
903 953
903 1000
903 1019
903 1021
903 1039
903 1041
903 1050
903 1054
903 1060
903 1061
903 1090
903 1095
909 20
909 22
909 23
909 38
909 914
921 500
921 501
921 502
921 503
921 505
921 506
921 509
922 119
922 214
922 248
922 497
922 498
922 591
922 751
922 752
922 930
922 956
922 1019
922 1023
922 1071
922 1073
940 111
940 113
940 151
940 181
940 733
940 734
940 735
940 736
940 929
940 991
963 964
967 3
967 157
967 158
967 159
967 160
967 161
967 162
967 163
967 165
967 166
967 192
967 193
967 194
967 195
967 196
967 197
967 198
967 199
967 200
967 201
967 354
967 355
967 360
967 468
967 690
967 968
975 60
975 61
975 314
975 408
975 703
975 891
975 971
975 972
975 973
984 121
984 137
984 248
984 265
984 421
984 474
984 757
992 11
992 26
992 28
992 32
992 230
992 231
992 257
992 263
992 267
992 286
992 287
992 288
992 292
992 331
992 332
992 404
992 405
992 407
992 454
992 455
992 456
992 457
992 458
992 459
992 460
992 461
992 464
992 495
992 508
992 535
992 539
992 540
992 541
992 544
992 545
992 567
992 577
992 579
992 668
992 671
992 672
992 708
992 709
992 710
992 711
992 712
992 713
992 714
992 715
992 716
992 717
992 874
992 875
992 876
992 877
992 878
992 879
992 880
992 911
992 912
992 913
992 915
992 916
992 994
992 995
992 996
992 997
992 998
992 1022
992 1024
992 1025
992 1026
992 1027
992 1028
992 1029
992 1030
992 1031
992 1032
992 1033
992 1064
1003 398
1003 399
1003 561
1003 1001
1003 1004
1004 398
1004 399
1004 561
1004 1001
1004 1003
1010 10
1010 47
1010 337
1010 1014
1010 1017
1012 145
1012 169
1012 177
1012 178
1012 726
1012 727
1012 729
1012 940
1018 268
1018 689
1018 700
1034 668
1034 708
1034 710
1034 711
1034 712
1034 713
1034 714
1034 715
1034 716
1034 717
1034 1022
1034 1024
1034 1025
1034 1026
1034 1027
1034 1028
1034 1029
1034 1030
1034 1031
1034 1033
1057 827
1057 1051
1064 134
1064 135
1064 136
1064 138
1064 771
1064 1052
1064 1053
1064 1062
1064 1063
1064 1065
1072 537
1072 753
1081 988
1081 1079
1081 1082
1081 1083
