t Arc Reciprocity AltInStars AltOutStars Sink Source AltTwoPathsT AltTwoPathsU AltTwoPathsD AltKTrianglesD AltKTrianglesU AltKTrianglesT AltKTrianglesC AcceptanceRate
350000 9630 18 12597.2 12625.7 8 6 52193.2 25672.5 25943.5 178 181.5 182 99 0
450000 9630 18 12597.2 12626 8 6 52191.2 25669.5 25945.5 178 181.5 182 99 2e-05
550000 9630 18 12597.2 12626 8 6 52191.2 25669.5 25945.5 178 181.5 182 99 0
650000 9630 18 12597.3 12625.9 8 6 52180.8 25670.5 25942.5 178 181.5 182 99 4e-05
750000 9630 18 12597.3 12625.9 8 6 52180.8 25670.5 25942.5 178 181.5 182 99 0
850000 9630 18 12596.8 12626.3 8 6 52179.2 25658 25943 179 182.5 183 99 0.00016
950000 9630 18 12598.2 12627.3 8 6 52156.2 25673.5 25948.5 182 185.5 185.5 99 0.0003
1050000 9630 18 12598.4 12628.3 8 6 52147.8 25683 25958 187 190.5 190.5 102 0.0004
1150000 9630 18 12598.8 12632.4 8 6 52100.8 25667 25963.8 190 193.5 193.5 102 0.0008
1250000 9630 21 12600.3 12639.8 9 6 52134.2 25720.5 26039.2 196.5 201.5 201.5 105 0.00168
1350000 9630 26 12608.5 12649.5 11 6 52055.2 25773 26087.8 226.5 230.5 231 108 0.00408
1450000 9630 35 12619.6 12660.9 12 7 52058 25945.2 26267.2 299 301.5 304 111 0.00808
1550000 9630 40 12650.5 12692.2 17 9 52060 26287 26472.5 425.25 424 423.5 87 0.01622
1650000 9630 48 12712.8 12737.9 26 19 51403.2 26904.2 26786 600.75 595 599.5 96 0.0308
1750000 9630 79 12810.7 12829.4 42 39 51236.5 27562.5 27805 777.25 777.5 778.75 113.5 0.05762
1850000 9631 105 13001.8 13020.4 91 86 50985.2 29103.8 29103.7 931.125 938.5 942 107.5 0.10265
1950000 9630 108 13208.5 13212.7 133 150 50956.4 30573 30819.2 1014.75 1020 1027.38 134 0.16167
2050000 9630 118 13439.3 13412.9 195 225 51546 31731.8 32243.2 1107.25 1114.25 1117 140 0.24078
2150000 9630 122 13604.7 13619.4 253 272 51048.2 32809.2 33728.8 1229 1228 1242 155.5 0.3151
2250000 9631 126 13810.2 13737.3 276 336 51122.8 34147.5 34455.2 1244.75 1260.25 1274.25 164 0.36259
2350000 9630 127 13907 13735.9 276 353 52198 35302.8 34576.6 1313.5 1313 1341.25 160.5 0.41071
2450000 9631 136 13991.7 13750.2 277 382 52496 35887.5 35027.2 1429.5 1429.5 1458.25 200.25 0.44843
2550000 9631 148 14031.6 13793.7 293 390 51718.5 35949.2 35263.1 1438.25 1443.5 1472.25 180 0.47342
2650000 9631 145 14002.8 13827.9 313 384 51911.5 36112.4 35123.8 1416 1407.12 1443 167.75 0.5037
2750000 9630 151 14033.3 13890.4 316 388 53075 36614.7 36344.9 1495.44 1487.44 1529.75 198 0.51719
2850000 9630 148 14026.4 13859.3 300 385 52736.6 36328.4 36156.8 1536.62 1521.75 1574.62 201.75 0.53504
2950000 9630 189 13989.3 13846 302 379 53196.8 36420.3 35944.8 1572.88 1577.75 1618.25 251 0.55012
3050000 9630 191 14058.1 13829.6 304 394 54027.2 36712.1 35573.4 1591.38 1595.75 1644.25 335.25 0.55942
3150000 9630 195 14105.9 13866.5 308 409 53399.8 36959.9 36068.4 1587.75 1602 1661.25 306.25 0.56672
3250000 9631 208 14155.6 13860 303 422 54021.6 38116.1 36035.5 1727.25 1715.5 1789.5 334.5 0.56773
3350000 9630 210 14190.6 13849.1 302 436 54491.1 38164.2 36166.6 1745.88 1716.12 1819.88 328.5 0.56721
3450000 9631 221 14138.3 13837 297 416 53707.9 37545.9 36217.1 1745.62 1737 1823.12 359.625 0.57529
3550000 9631 211 14193.1 13902.9 315 426 54743.4 38237 36849.1 1766.06 1757.12 1837.38 403.375 0.5742
3650000 9631 216 14172.2 13934.9 321 426 55873.1 38282.2 36795.5 1846.12 1838.75 1920.25 390.25 0.57252
3750000 9631 204 14157.3 13962.9 327 428 55629.1 38473.2 37571.7 1784.12 1792.88 1877.88 411.75 0.5775
3850000 9630 225 14161.5 13899.1 309 425 55050.4 37792.7 36830.9 1782.38 1760.31 1848.12 405.75 0.57743
3950000 9631 217 14195.9 13895.7 317 433 55267.9 38266.1 36677 1822 1817.38 1909.38 435.25 0.57955
4050000 9631 257 14161.2 13907.6 320 425 55660.2 37993.5 36931.6 1866.19 1839.5 1954.12 473.625 0.57594
4150000 9631 244 14118.7 13963.3 321 406 55867 37569.8 37278.2 1864 1839.88 1947.38 487.625 0.5833
4250000 9631 249 14072.1 13957.8 320 393 56746.4 37309.5 37508.8 1929.5 1890.56 2012.38 480 0.58696
4350000 9630 248 14083.7 13917.1 313 398 56545.1 37072.8 36986.7 1924.12 1902.44 2003.44 490.438 0.58659
4450000 9630 247 14182.9 13904.5 312 426 57330.4 38530.8 37353.5 1944.5 1940.44 2042.44 517.062 0.58062
4550000 9631 246 14189.5 13944.3 318 425 57699.1 38182.3 38044.2 1967 1947.31 2056.75 520.625 0.58083
4650000 9630 257 14204.7 13902 313 439 57597.2 38779.5 37600.6 1934.88 1889.69 2016.88 554 0.58111
4750000 9631 260 14202 13899.2 305 426 57263.2 38423.1 37546.4 1999 1947.05 2066.44 601.75 0.58283
4850000 9630 264 14232.4 13923.2 307 437 59520.4 39292.9 37975.7 2084.38 2051.73 2154.5 656.375 0.57293
4950000 9630 266 14245.8 13939.3 316 444 58561.8 39777.4 38145.2 2134.09 2126.72 2238.62 580.812 0.57186
5050000 9631 264 14202.8 14009.2 345 429 60043 39253.5 38537.5 2116.62 2115.97 2235.5 626 0.57029
5150000 9631 274 14188.9 13966.1 320 412 58683.7 39272.9 38151.5 2095.12 2123.97 2199.44 635.812 0.57258
5250000 9630 263 14221.4 13978.9 330 443 58964.2 39198 38458.9 2084.44 2117.75 2218.44 716.562 0.56909
5350000 9630 254 14242.7 14030.6 346 436 58910.8 39905.2 38410.7 2140.53 2147.47 2259.75 590.25 0.56418
5450000 9630 252 14237.1 13991.6 338 435 57705.7 39713.1 38104.5 2145.56 2144.56 2276.06 633.938 0.56568
5550000 9631 275 14257.2 13917.1 315 444 58553.6 39808.9 37522.7 2112.5 2088.59 2236.38 620.875 0.56873
5650000 9631 273 14231.6 13969.5 327 440 59581.5 39444.6 38070.6 2183.84 2173.11 2312.34 679.344 0.56874
5750000 9630 299 14250.2 13973.8 320 442 59642.1 39482.2 37941.6 2260.5 2243.17 2378.38 743.75 0.56505
5850000 9631 288 14239 13971.3 326 443 60040.4 39598 38537.1 2244.75 2231.22 2379.19 763.125 0.56605
5950000 9631 324 14237.6 13929.3 302 441 60166.1 39663.4 38840.7 2381.56 2343.38 2508.72 830.094 0.56264
6050000 9631 321 14271.6 14001.2 326 451 60449.3 39914.5 39255.2 2350.94 2317.61 2481.75 834.438 0.55296
6150000 9631 326 14321.1 13956 312 459 60495.4 40117.3 39372.8 2341.75 2288.93 2469.19 872 0.55874
6250000 9630 335 14346.6 14003.9 330 470 61751.3 40350 39896.5 2493.69 2443.3 2614.53 880.5 0.55939
6350000 9631 334 14347.6 14024 322 468 61623.3 40816.3 39662.5 2543.8 2503.22 2688.16 906.609 0.54875
6450000 9631 346 14333.5 14060.6 332 451 61752.5 40811.9 39816.3 2558.91 2521.09 2708.23 874.875 0.5416
6550000 9630 334 14366 14070.4 337 459 63117.3 41402.8 39975.2 2619.03 2566.47 2764.02 967.984 0.54503
6650000 9630 334 14292.2 14049.5 339 447 62857 41373.7 40778.5 2609.41 2535.7 2731.59 985.906 0.54538
6750000 9631 339 14298.4 14027.5 338 448 62639 40561 39943.4 2520.77 2464.73 2673.92 914.281 0.55167
6850000 9630 339 14337.8 14082.7 341 460 61945.9 41138.4 40113.6 2549.92 2479.05 2691.05 918.031 0.54813
6950000 9631 340 14385.5 14049.2 353 475 62514.4 41709.9 39732.5 2621.53 2539.09 2760.73 1004.94 0.54077
7050000 9630 343 14345.9 14069.3 335 467 63624.1 40699.1 40697.2 2645.16 2554.36 2781.27 1000.2 0.53967
7150000 9631 344 14346.3 14029.3 331 466 63837 41215.3 39983 2632.88 2577.25 2771.41 1065.36 0.54133
7250000 9630 359 14344.8 14073.7 338 464 63794 41520.7 41004.8 2682.44 2619.72 2842.14 975.547 0.54443
7350000 9631 361 14365.2 14031.8 327 468 65029.1 41742 40399.6 2691.97 2623.28 2823.44 1009.03 0.54339
7450000 9631 371 14282.2 14072.2 349 440 63391.9 40530.7 40714.3 2693.62 2604.41 2848.86 1032.06 0.54058
7550000 9630 379 14341.1 14078.2 352 465 63274.2 41270.1 41048.4 2741.19 2640.42 2886.09 1034.62 0.54159
7650000 9631 370 14315.9 14133.9 355 460 64484.5 40978.6 41696.8 2750.88 2703.34 2915.53 1065.94 0.53701
7750000 9630 371 14440.4 14090.1 345 491 64644.2 42102 41731.4 2779.38 2697.57 2931.87 1132.97 0.53213
7850000 9630 377 14359 14033.8 323 464 65166.1 40856.4 41908.9 2778.17 2688.25 2915.53 1157 0.5349
7950000 9631 371 14404.8 14102.6 348 483 65837.5 42350.9 41755.7 2816.36 2726.54 2960.22 1211.81 0.53571
8050000 9631 376 14397.9 14065 345 482 66150.1 42618.7 41227.4 2855 2827.59 3044.53 1248.31 0.53026
8150000 9630 377 14448.2 14137.4 345 475 67778.8 43156.7 42459.2 2958.16 2896.9 3140.22 1259.47 0.52541
8250000 9631 368 14344.7 14140.3 367 457 66674.8 42636 41900 2900.17 2865.62 3087.94 1250 0.52845
8350000 9631 382 14362.8 14105.8 342 461 66269.3 42330.1 41878.1 2934.97 2928.71 3156.66 1269.81 0.5299
8450000 9631 404 14379.5 14106.1 342 469 67668.3 42891.2 42173.3 2996.12 2914.11 3182.69 1304.97 0.533
8550000 9631 390 14379.5 14158.4 368 465 68241.1 42950.7 42667.6 2943.98 2914.8 3174.27 1351.77 0.52856
8650000 9630 406 14364.8 14122.9 348 463 66878.3 42918.1 42323.7 3018.83 2959.82 3232.41 1350.97 0.53275
8750000 9631 416 14371.5 14151.2 350 465 69094.2 42924.9 42606.1 3038.14 2986.88 3262.88 1402.23 0.53283
8850000 9630 405 14390.9 14198.2 382 464 68519.6 43825.7 42234.8 3129.55 3048.8 3317.23 1479.69 0.52149
8950000 9630 428 14439.3 14153.5 350 481 68482.8 42783.7 42877.3 3254.66 3150.95 3441.9 1488.53 0.52276
9050000 9631 433 14431.6 14147.3 355 485 68253.7 43609.9 43413.5 3239.87 3153.28 3438.55 1529.14 0.51681
9150000 9630 435 14484 14177.9 366 492 69259.9 44186.8 43448.2 3269.52 3157.87 3466.23 1596.12 0.51865
9250000 9631 434 14452.1 14184.8 351 464 70979.3 44817.8 44506 3327.33 3246.31 3517.49 1642.02 0.51549
9350000 9631 442 14484.2 14227.7 367 495 71419.7 45047.1 45168.2 3381.65 3329.9 3650.3 1580.28 0.51698
9450000 9630 427 14483.2 14242.7 384 485 71422 45609.6 44936.3 3424.79 3319.33 3657.9 1619.07 0.50763
9550000 9630 430 14507.5 14203.7 347 485 73532.5 45804.7 45541.4 3529.89 3456.74 3762.04 1687.41 0.51054
9650000 9630 454 14498.8 14217.3 366 494 73725.3 45892.1 45676.4 3527.61 3440.27 3748.43 1741.88 0.5055
9750000 9630 444 14468.3 14279.7 376 464 76485.8 46888.2 46131.1 3632.16 3601.59 3914.8 1872.35 0.5081
9850000 9630 438 14504.5 14258.5 371 496 75777.6 47406.7 45967.7 3593.22 3602.91 3923.76 1842.75 0.50412
9950000 9631 450 14596.1 14231.4 358 510 76248.8 48184.5 46330.2 3735.48 3709.89 4003.32 1970.95 0.50031
10050000 9631 459 14671.7 14267.5 360 526 78199.6 48899.3 47202.5 3846.74 3767.5 4161.2 2051.97 0.49862
10150000 9630 459 14567.1 14300.8 386 496 78410.1 48189.7 47693.3 3905.79 3879.64 4244.08 2143.03 0.49205
10250000 9631 473 14607.3 14350.9 398 520 79118.1 47811.5 49131.5 4068.89 3966.73 4388.8 2258.07 0.48075
