*Vertices 575
*Arcs
1 2
1 4
1 6
1 8
1 9
1 10
1 11
1 14
1 15
1 18
1 25
1 30
1 32
1 33
1 34
1 45
2 1
2 3
2 4
2 5
2 8
2 12
2 15
2 17
2 18
2 19
2 20
2 21
2 25
2 29
2 30
3 2
3 4
3 5
3 7
3 8
3 9
3 10
3 12
3 14
3 17
3 18
3 19
3 20
3 29
3 32
4 1
4 2
4 3
4 5
4 6
4 9
4 10
4 11
4 12
4 14
4 15
4 16
4 17
4 18
4 33
4 34
4 36
4 48
4 49
5 2
5 3
5 9
5 10
5 11
5 12
5 13
5 15
5 17
5 18
5 19
5 29
5 30
5 31
5 32
6 1
6 4
6 7
6 8
6 9
6 10
6 11
6 13
6 14
6 15
6 18
6 19
6 21
6 27
6 29
6 30
6 33
6 34
6 46
7 3
7 4
7 5
7 6
7 9
7 10
7 12
7 13
7 15
7 17
7 18
7 19
7 20
7 21
7 24
7 27
7 29
7 31
7 32
7 34
8 1
8 3
8 6
8 7
8 10
8 14
8 15
8 17
8 32
8 47
8 52
9 1
9 3
9 4
9 5
9 6
9 7
9 11
9 14
9 15
9 16
9 22
9 23
9 25
9 29
9 32
9 44
9 45
9 47
10 1
10 6
10 8
10 11
10 18
10 29
10 32
10 33
10 34
10 52
11 4
11 5
11 6
11 10
11 12
11 15
11 17
11 18
11 29
11 33
11 34
12 3
12 4
12 11
12 17
12 18
12 29
12 30
12 32
12 33
12 48
13 4
13 10
13 11
13 17
13 18
13 29
13 31
13 34
13 49
14 4
14 11
14 12
14 17
14 19
14 31
14 32
14 33
14 34
14 47
14 48
14 49
14 50
15 8
15 10
15 11
15 14
15 17
15 18
15 30
15 32
15 33
15 34
15 52
16 4
16 9
16 33
16 34
16 35
16 36
16 37
16 38
16 39
16 43
16 48
16 49
16 50
16 51
17 15
17 29
17 30
17 32
17 33
18 14
18 29
18 31
18 49
18 52
19 41
19 42
20 40
20 41
20 42
26 25
26 40
28 27
28 41
53 54
53 57
53 58
53 71
53 72
53 76
53 81
53 85
53 252
54 63
54 65
54 77
54 85
54 88
54 254
54 499
54 501
55 56
55 67
55 69
55 70
55 96
55 107
56 96
56 98
56 150
56 262
56 313
57 53
57 58
57 81
57 108
57 115
57 215
57 238
57 243
57 252
58 53
58 57
58 70
58 88
58 101
58 112
58 115
58 117
58 127
58 155
58 233
58 243
58 256
58 310
59 28
59 60
59 61
59 67
59 74
59 83
59 84
59 117
59 122
59 233
60 59
60 61
60 62
60 68
60 74
60 84
61 60
61 62
61 83
62 59
62 60
62 61
62 69
62 74
62 78
62 84
62 102
62 233
62 329
63 58
63 65
63 76
63 88
63 229
64 63
64 73
64 80
64 94
64 95
64 104
64 115
64 132
64 137
64 170
64 254
64 302
65 63
65 88
65 94
65 220
65 229
65 254
65 285
66 61
66 67
66 69
66 90
66 96
67 55
67 69
67 70
68 67
68 69
68 70
68 78
68 97
68 117
68 133
68 138
69 55
69 67
69 68
69 70
69 78
69 96
69 97
70 55
70 67
70 69
70 127
70 139
70 155
70 161
70 256
70 257
70 263
70 286
70 294
70 310
70 311
71 57
71 58
71 72
71 115
71 243
71 252
72 58
72 71
72 81
72 82
72 84
72 85
72 89
72 233
72 243
72 252
73 57
73 71
73 115
73 127
73 133
73 151
73 229
73 287
73 302
73 328
74 59
74 84
74 102
74 233
75 59
75 68
75 69
75 74
75 82
75 83
75 97
75 99
75 117
75 136
75 208
75 478
76 72
76 77
76 94
76 252
76 254
77 72
77 76
77 88
77 94
77 254
78 61
78 62
78 68
78 69
78 70
78 84
79 61
79 62
79 70
79 78
79 102
79 103
79 233
79 237
80 57
80 64
80 88
80 94
80 95
80 115
80 132
80 243
80 253
80 254
80 302
80 313
81 57
81 86
81 243
81 252
81 303
81 309
82 58
82 59
82 83
82 84
82 103
82 127
82 233
82 243
82 309
83 59
83 79
83 102
83 107
83 233
84 59
84 68
84 69
84 112
84 115
84 117
84 122
84 155
84 233
84 254
84 263
84 309
85 72
85 501
86 72
86 85
86 88
86 108
86 220
86 243
86 254
86 309
86 501
87 61
87 79
87 83
87 91
87 92
87 502
88 72
88 77
88 86
88 253
88 254
89 77
89 88
89 128
89 132
89 220
89 243
89 252
89 285
89 302
89 313
89 501
90 62
90 70
91 28
91 90
91 92
91 102
91 107
91 129
91 165
91 219
91 222
91 223
91 224
91 225
91 227
91 229
91 230
91 234
91 282
91 296
91 309
91 310
91 323
91 325
92 28
92 79
92 90
92 91
92 102
92 103
92 133
92 138
92 139
92 166
92 224
92 229
92 230
92 233
92 234
92 265
92 283
92 289
92 303
92 309
92 313
92 502
93 94
93 95
93 211
93 321
94 80
94 86
94 88
94 254
95 65
95 88
95 94
95 132
95 210
95 313
95 509
96 55
96 69
96 97
96 262
97 69
97 70
97 96
97 138
97 139
98 69
98 96
98 97
98 129
98 133
98 210
98 260
98 264
98 265
98 351
98 356
99 68
99 100
99 103
99 117
99 129
99 139
99 254
99 262
99 313
100 79
100 127
100 138
100 139
100 148
100 163
100 167
100 171
100 233
100 243
100 267
100 302
100 313
101 28
101 58
101 62
101 72
101 79
101 83
101 84
101 91
101 92
101 102
101 104
101 127
101 211
101 214
101 217
101 218
101 219
101 220
101 221
101 226
101 232
101 233
101 234
101 243
101 249
101 281
101 309
101 323
101 501
102 79
102 83
102 103
102 106
102 217
102 232
102 233
102 243
102 244
102 249
102 309
102 325
103 79
103 82
103 92
103 99
103 102
103 116
103 166
103 219
103 230
103 240
103 283
103 309
104 105
104 110
104 122
104 123
104 211
104 224
104 225
104 230
104 245
104 247
104 267
104 294
104 309
104 401
105 110
106 104
106 105
106 110
106 115
106 123
106 214
106 233
106 243
106 247
106 248
106 263
106 282
106 326
106 327
106 401
106 415
106 416
107 83
107 103
107 150
107 217
107 229
107 233
107 249
107 267
107 310
108 82
108 86
108 109
108 114
108 155
108 166
108 175
108 177
108 215
108 225
108 243
108 252
108 256
108 263
108 267
108 310
108 311
109 110
109 122
109 123
109 263
109 267
109 282
109 290
109 292
110 104
110 106
110 109
110 114
110 115
110 123
110 137
110 224
110 230
110 257
110 282
110 309
110 313
110 324
110 327
110 330
110 400
110 401
110 416
111 109
111 114
111 119
111 131
111 132
111 134
111 135
111 136
111 140
111 164
111 165
111 167
111 176
111 181
111 186
111 187
111 194
111 198
111 200
111 201
111 260
111 264
111 265
111 272
111 352
111 369
111 509
111 518
111 559
112 70
112 113
112 115
112 120
112 125
112 226
112 256
112 280
112 292
112 294
112 328
112 404
112 406
112 407
112 408
112 409
112 410
112 411
112 444
112 445
112 446
112 447
112 448
112 449
112 450
112 451
112 452
113 112
113 150
113 292
113 294
113 296
113 308
114 110
114 115
114 244
114 286
114 290
114 296
114 308
114 328
114 508
115 110
115 112
115 114
115 128
115 137
115 244
115 257
115 286
115 328
115 330
115 412
115 413
115 414
115 415
115 416
115 417
115 418
115 461
115 462
115 463
115 464
115 465
115 466
115 467
115 468
115 469
115 508
116 117
116 150
116 282
116 289
117 106
117 116
117 122
117 230
117 289
117 296
117 408
117 419
117 420
117 421
117 422
117 423
117 424
117 425
117 481
117 482
117 483
117 484
117 485
117 486
117 487
117 488
117 489
118 116
118 143
118 145
118 160
118 176
118 179
118 186
118 196
118 206
118 260
118 276
118 277
118 295
118 316
118 350
118 369
118 532
119 116
119 118
119 132
119 133
119 136
119 140
119 141
119 143
119 174
119 176
119 178
119 179
119 186
119 194
119 196
119 200
119 204
119 205
119 206
119 260
119 264
119 265
119 272
119 275
119 307
119 315
119 316
119 319
119 350
119 460
119 509
119 510
119 516
119 532
119 542
119 546
120 121
120 125
120 126
120 127
120 139
120 148
120 161
120 165
120 167
120 257
120 313
121 122
121 123
121 289
122 104
122 112
122 117
122 121
122 123
122 211
122 213
122 245
122 282
122 290
122 296
122 325
122 397
122 398
122 400
122 401
122 402
122 403
122 404
122 406
122 411
122 426
122 427
122 428
122 429
122 430
122 431
122 432
122 433
122 434
123 121
123 122
123 282
123 329
123 401
123 402
123 403
123 426
123 427
123 428
123 429
123 430
123 431
123 432
123 433
123 434
124 120
124 233
124 243
124 257
124 282
124 289
124 296
124 324
124 325
124 423
124 424
124 425
125 120
125 294
125 312
125 409
125 410
125 411
125 444
125 445
125 446
125 447
125 448
125 449
125 450
125 451
125 452
126 100
126 103
126 138
126 161
126 165
126 167
126 175
126 232
126 254
126 267
126 282
126 303
126 309
126 313
127 73
127 82
127 83
127 84
127 100
127 115
127 117
127 122
127 153
127 163
127 167
127 233
127 243
127 263
127 267
127 287
127 289
127 290
127 292
127 302
127 309
127 310
127 343
127 344
127 349
128 73
128 89
128 100
128 115
128 132
128 146
128 147
128 167
128 170
128 229
128 238
128 256
128 285
128 302
128 313
128 328
129 28
129 91
129 92
129 100
129 139
129 262
129 265
129 313
129 325
130 75
130 98
130 131
130 136
130 142
130 145
130 178
130 180
130 181
130 182
130 184
130 188
130 197
130 200
130 202
130 258
130 265
130 278
130 315
130 541
131 119
131 133
131 135
131 138
131 141
131 143
131 144
131 170
131 174
131 260
131 265
131 267
131 302
131 303
131 305
131 306
131 314
131 315
131 345
131 348
131 349
131 385
131 387
131 388
132 99
132 119
132 128
132 131
132 133
132 135
132 139
132 140
132 142
132 143
132 171
132 176
132 178
132 179
132 187
132 190
132 201
132 207
132 208
132 253
132 256
132 260
132 264
132 267
132 302
132 306
132 313
132 315
132 320
132 477
132 516
132 528
132 544
133 119
133 128
133 129
133 131
133 132
133 135
133 138
133 139
133 140
133 141
133 142
133 143
133 145
133 167
133 168
133 170
133 174
133 176
133 179
133 219
133 253
133 255
133 260
133 262
133 264
133 265
133 267
133 305
133 306
133 315
133 316
133 318
133 348
133 356
133 477
133 497
134 111
134 131
134 133
134 135
134 141
134 167
134 179
134 187
134 200
134 266
134 267
134 302
134 305
134 316
135 119
135 131
135 133
135 136
135 138
135 139
135 140
135 142
135 143
135 145
135 168
135 170
135 172
135 176
135 179
135 186
135 194
135 198
135 202
135 205
135 255
135 260
135 264
135 265
135 267
135 270
135 274
135 275
135 276
135 302
135 303
135 313
135 315
135 316
135 318
135 356
135 369
135 510
135 516
136 73
136 75
136 98
136 131
136 132
136 135
136 137
136 139
136 145
136 173
136 182
136 191
136 197
136 208
136 255
136 258
136 260
136 264
136 270
136 279
136 313
136 320
136 356
136 391
136 443
136 509
136 541
137 75
137 115
137 128
137 131
137 136
137 139
137 145
137 147
137 151
137 167
137 287
137 301
137 313
137 382
138 131
138 148
138 156
138 267
138 287
138 291
138 293
138 303
138 331
138 334
138 338
138 341
138 342
138 346
138 348
138 349
138 361
138 364
138 374
138 379
139 131
139 136
139 145
139 156
139 191
139 261
139 265
139 303
139 313
139 315
139 333
139 338
139 339
139 361
139 364
139 367
139 374
139 378
139 389
139 391
139 509
140 99
140 111
140 118
140 119
140 127
140 131
140 132
140 133
140 135
140 136
140 142
140 143
140 145
140 153
140 162
140 164
140 171
140 174
140 176
140 179
140 186
140 187
140 201
140 205
140 208
140 260
140 265
140 266
140 267
140 268
140 272
140 278
140 302
140 303
140 305
140 306
140 307
140 315
140 320
140 350
140 353
140 369
140 391
140 477
140 509
140 515
140 516
140 553
140 554
141 119
141 131
141 132
141 133
141 135
141 140
141 174
141 176
141 186
141 187
141 190
141 193
141 195
141 201
141 202
141 204
141 260
141 264
141 265
141 272
141 277
141 318
141 371
141 372
141 475
141 509
141 516
141 518
141 524
142 75
142 130
142 131
142 133
142 135
142 136
142 141
142 145
142 173
142 176
142 178
142 179
142 181
142 183
142 184
142 188
142 189
142 200
142 201
142 203
142 260
142 265
142 273
142 274
142 275
142 276
142 277
142 295
142 301
142 303
142 315
142 319
142 320
142 352
142 369
142 515
143 118
143 119
143 131
143 132
143 133
143 135
143 140
143 141
143 145
143 176
143 178
143 179
143 186
143 190
143 193
143 195
143 196
143 205
143 206
143 210
143 260
143 265
143 272
143 275
143 276
143 277
143 315
143 318
143 350
143 369
143 372
143 441
143 475
143 509
143 516
143 525
143 541
143 543
143 545
143 557
144 131
144 135
144 170
144 172
144 173
144 175
144 176
144 197
144 209
144 210
144 264
144 270
144 271
144 279
144 301
144 307
144 353
144 385
144 386
144 390
145 131
145 132
145 133
145 136
145 138
145 139
145 141
145 188
145 208
145 267
145 302
145 303
145 313
145 315
145 316
145 318
145 341
145 345
145 349
145 352
145 353
145 365
145 509
146 147
146 286
146 401
147 104
147 139
147 146
147 167
147 220
148 91
148 138
148 149
148 171
148 226
148 313
149 129
149 148
149 150
150 102
150 106
150 117
150 129
150 148
150 227
150 244
150 284
150 286
150 294
150 326
150 409
151 102
151 115
151 129
151 137
151 139
151 149
151 167
151 171
151 262
151 263
151 265
151 302
151 313
152 127
152 153
152 154
152 166
152 509
153 127
153 152
153 156
153 165
153 166
153 167
153 314
153 509
153 544
154 127
154 140
154 152
154 153
154 165
154 166
154 167
154 349
154 368
154 388
154 389
154 509
155 70
155 99
155 106
155 152
155 153
155 166
155 232
155 256
155 263
155 286
155 292
155 294
155 310
155 328
155 470
155 473
155 509
155 521
155 543
156 154
156 157
156 158
156 159
156 173
156 301
156 314
156 347
156 355
156 382
156 384
156 385
156 396
156 470
156 472
156 491
156 492
156 493
156 509
157 127
157 153
157 154
157 190
157 302
157 303
157 355
157 509
158 154
158 156
158 157
158 159
158 298
158 306
158 347
158 355
158 382
158 384
158 385
158 396
158 470
158 471
158 490
158 491
158 493
159 127
159 156
159 157
159 158
159 167
159 173
159 301
159 306
159 314
159 385
159 386
159 396
159 470
159 471
159 472
159 473
159 491
159 492
159 493
159 526
160 127
160 138
160 153
160 154
160 267
160 302
160 303
160 316
160 509
161 70
161 126
161 254
161 256
161 257
161 267
161 303
162 127
162 138
162 165
162 167
162 168
162 171
162 267
162 303
162 306
162 317
162 355
162 383
162 509
163 95
163 101
163 103
163 108
163 110
163 127
163 166
163 177
163 257
163 267
164 98
164 111
164 127
164 132
164 136
164 140
164 141
164 142
164 145
164 171
164 173
164 178
164 181
164 187
164 188
164 189
164 197
164 203
164 207
164 208
164 260
164 264
164 277
164 303
164 315
164 320
164 351
164 544
165 28
165 127
165 139
165 167
165 268
165 287
165 344
165 345
165 348
165 349
166 127
166 138
166 154
166 155
166 256
166 282
166 286
166 289
166 290
166 294
166 303
166 309
166 314
166 319
166 343
166 347
166 355
166 383
166 388
166 509
166 544
167 127
167 139
167 171
167 285
167 302
167 303
167 313
167 328
167 333
167 335
167 343
167 344
167 345
167 346
167 348
167 349
167 352
167 354
167 388
167 389
167 509
168 132
168 136
168 138
168 162
168 167
168 170
168 171
168 173
168 267
168 302
168 303
168 385
168 386
168 509
169 162
169 168
169 309
169 310
169 505
169 506
169 507
169 509
170 73
170 132
170 139
170 155
170 168
170 253
170 267
170 302
170 310
170 313
171 129
171 138
171 139
171 159
171 162
171 167
171 168
171 267
171 284
171 296
171 302
171 303
171 309
171 313
171 314
171 335
171 343
171 344
171 348
171 349
171 352
171 388
171 389
171 509
172 135
172 144
172 168
172 170
172 173
172 174
172 176
172 201
172 210
172 255
172 270
172 271
172 315
172 353
172 368
172 386
172 390
172 396
173 136
173 140
173 156
173 158
173 168
173 176
173 210
173 260
173 261
173 298
173 300
173 301
173 306
173 353
173 356
173 368
173 382
173 383
173 384
173 385
173 386
173 387
173 390
173 396
173 472
173 473
173 474
173 476
173 477
173 480
173 491
173 492
173 493
173 494
173 495
173 520
173 526
173 527
173 528
173 543
173 544
174 99
174 119
174 132
174 133
174 139
174 145
174 162
174 170
174 173
174 176
174 186
174 188
174 189
174 205
174 255
174 260
174 264
174 265
174 277
174 278
174 315
174 350
174 368
175 70
175 92
175 102
175 103
175 108
175 144
175 155
175 162
175 166
175 170
175 173
175 210
175 234
175 252
175 254
175 255
175 258
175 267
175 270
175 271
175 278
175 303
175 384
175 396
175 493
175 502
176 119
176 132
176 133
176 135
176 136
176 139
176 140
176 143
176 144
176 145
176 162
176 167
176 172
176 173
176 174
176 190
176 201
176 206
176 260
176 267
176 276
176 277
176 303
176 306
176 307
176 315
176 318
176 319
176 350
176 353
176 356
176 368
176 386
176 389
176 390
176 477
176 494
176 497
176 510
176 528
176 544
177 103
177 108
177 124
177 163
177 257
177 303
177 408
178 130
178 134
178 141
178 142
178 145
178 164
178 167
178 180
178 188
178 197
178 200
178 207
178 265
178 277
178 303
178 348
179 118
179 119
179 132
179 133
179 134
179 136
179 140
179 142
179 143
179 164
179 167
179 174
179 176
179 178
179 196
179 201
179 202
179 260
179 265
179 267
179 268
179 272
179 295
179 315
179 316
179 319
179 350
179 391
179 496
179 498
179 509
179 542
180 133
180 178
180 182
180 200
180 203
181 75
181 95
181 98
181 111
181 130
181 136
181 142
181 145
181 164
181 182
181 185
181 186
181 188
181 189
181 201
181 208
181 260
181 264
181 277
181 278
181 315
181 550
182 130
182 136
182 141
182 142
182 143
182 173
182 174
182 176
182 181
182 185
182 186
182 187
182 188
182 189
182 191
182 197
182 202
182 203
182 204
182 205
182 207
182 208
182 301
182 315
182 350
182 479
182 495
183 130
183 142
183 145
183 173
183 180
183 184
183 188
183 192
183 197
183 202
183 203
183 204
183 261
183 277
183 300
183 301
183 315
183 442
183 476
183 479
183 513
183 517
183 519
183 533
183 535
183 537
183 539
183 551
184 130
184 142
184 180
184 182
184 186
184 200
184 202
184 203
184 265
184 442
184 517
185 73
185 75
185 130
185 136
185 144
185 181
185 182
185 188
185 259
185 297
185 509
185 510
186 73
186 75
186 98
186 111
186 118
186 134
186 135
186 140
186 141
186 143
186 174
186 179
186 181
186 182
186 184
186 185
186 189
186 200
186 201
186 202
186 210
186 260
186 265
186 272
186 273
186 275
186 277
186 305
186 315
186 316
186 320
186 352
186 353
186 356
186 369
186 372
186 440
186 441
186 443
186 459
186 460
187 111
187 132
187 140
187 141
187 142
187 181
187 260
187 264
187 265
188 135
188 136
188 145
188 170
188 174
188 182
188 183
188 189
188 190
188 191
188 192
188 194
188 197
188 199
188 201
188 202
188 203
188 204
188 207
188 270
188 275
188 279
188 300
188 313
188 315
188 316
188 351
188 391
188 476
188 479
188 495
189 75
189 118
189 136
189 145
189 173
189 174
189 182
189 186
189 188
189 193
189 194
189 197
189 198
189 202
189 204
189 205
189 207
189 210
189 271
189 301
189 315
189 316
189 351
189 352
189 353
189 509
190 188
190 316
190 318
190 319
190 441
190 525
190 545
191 98
191 136
191 139
191 145
191 182
191 188
191 189
191 190
191 276
191 277
191 313
191 353
191 369
191 390
191 391
191 475
191 509
191 522
192 135
192 143
192 145
192 155
192 183
192 188
192 189
192 190
192 193
192 194
192 197
192 198
192 199
192 200
192 205
192 206
192 207
192 258
192 264
192 265
192 270
192 272
192 273
192 274
192 276
192 315
192 318
192 370
192 372
192 442
192 475
192 476
192 479
192 495
192 509
192 516
193 111
193 119
193 135
193 143
193 186
193 188
193 189
193 190
193 192
193 194
193 195
193 196
193 197
193 198
193 199
193 205
193 260
193 264
193 265
193 315
193 318
193 475
193 476
193 479
193 516
193 555
193 556
194 111
194 118
194 119
194 172
194 174
194 186
194 188
194 189
194 192
194 193
194 196
194 198
194 199
194 205
194 260
194 264
194 265
194 268
194 274
194 315
194 316
194 319
194 476
195 141
195 143
195 155
195 188
195 191
195 193
195 194
195 206
195 318
195 371
195 372
195 440
195 441
195 474
195 475
195 477
195 509
195 510
195 524
195 525
195 541
195 545
195 556
196 111
196 118
196 119
196 176
196 179
196 186
196 187
196 188
196 194
196 201
196 205
196 206
196 210
196 268
196 272
196 273
196 275
196 276
196 314
196 315
196 350
196 369
196 372
196 388
196 509
196 510
197 145
197 182
197 188
197 189
197 192
197 193
197 198
197 203
197 208
197 260
197 265
197 275
197 315
197 369
197 479
198 111
198 135
198 143
198 179
198 186
198 188
198 189
198 192
198 193
198 194
198 197
198 199
198 205
198 264
198 265
198 273
198 274
198 315
199 111
199 135
199 173
199 174
199 188
199 189
199 192
199 193
199 194
199 197
199 198
199 201
199 205
199 207
199 208
199 264
199 265
199 273
199 274
199 276
199 353
199 391
199 460
199 510
200 111
200 133
200 135
200 143
200 145
200 167
200 176
200 180
200 182
200 184
200 186
200 188
200 192
200 193
200 197
200 198
200 202
200 203
200 258
200 264
200 265
200 273
200 276
200 315
200 369
200 549
201 119
201 135
201 136
201 141
201 142
201 145
201 176
201 182
201 188
201 189
201 192
201 198
201 199
201 202
201 203
201 204
201 207
201 208
201 210
201 260
201 273
201 274
201 276
201 277
201 315
201 369
201 479
201 510
202 141
202 142
202 172
202 173
202 176
202 180
202 182
202 183
202 184
202 186
202 188
202 189
202 192
202 197
202 200
202 201
202 203
202 204
202 205
202 207
202 208
202 209
202 210
202 258
202 260
202 261
202 264
202 265
202 270
202 271
202 273
202 278
202 279
202 300
202 301
202 315
202 442
202 476
202 479
202 495
202 518
202 519
203 136
203 141
203 145
203 176
203 182
203 183
203 186
203 188
203 189
203 197
203 200
203 206
203 207
203 261
203 273
203 276
203 277
203 300
203 301
203 476
203 479
203 495
203 533
203 535
203 537
203 539
204 119
204 145
204 173
204 176
204 182
204 183
204 188
204 189
204 194
204 201
204 202
204 205
204 207
204 208
204 209
204 210
204 260
204 300
204 301
204 315
204 460
204 514
204 519
204 532
204 534
204 536
204 538
204 540
204 551
205 118
205 119
205 143
205 173
205 182
205 186
205 189
205 193
205 194
205 196
205 197
205 199
205 202
205 203
205 204
205 206
205 207
205 208
205 209
205 210
205 264
205 265
205 268
205 271
205 275
205 301
205 315
205 319
205 510
206 118
206 119
206 133
206 143
206 145
206 176
206 186
206 189
206 193
206 195
206 196
206 205
206 210
206 260
206 275
206 276
206 277
206 318
206 350
206 369
206 372
206 441
206 474
206 509
206 510
206 539
206 541
206 545
207 145
207 174
207 176
207 189
207 197
207 201
207 203
207 204
207 208
207 301
208 73
208 136
208 145
208 176
208 182
208 186
208 189
208 197
208 199
208 201
208 202
208 203
208 204
208 207
208 210
208 276
208 277
208 279
208 300
208 303
208 315
208 534
208 536
208 538
208 540
209 186
209 189
209 202
209 204
209 205
209 210
209 261
209 271
209 279
209 300
209 301
209 495
209 513
209 517
209 519
209 548
209 550
209 551
210 137
210 143
210 144
210 145
210 155
210 173
210 175
210 189
210 194
210 204
210 209
210 260
210 270
210 271
210 299
210 301
210 385
210 442
210 476
210 477
210 491
210 512
210 517
210 519
210 543
211 122
211 212
211 214
211 224
211 245
211 325
211 330
212 26
212 224
212 245
212 321
213 104
213 137
213 138
213 139
213 212
213 313
213 499
214 101
214 106
214 115
214 211
214 215
214 216
214 224
214 248
215 214
215 221
215 229
215 230
215 242
215 244
215 312
216 104
216 214
216 241
216 248
216 325
216 327
217 101
217 102
217 106
217 117
217 218
217 219
217 223
217 224
217 227
217 228
217 229
217 249
217 250
218 28
218 101
218 217
218 224
218 226
218 229
218 233
218 244
218 284
218 326
219 117
219 217
219 222
219 223
219 224
219 248
219 324
219 329
220 26
220 101
220 215
220 221
220 224
220 225
220 229
220 230
220 242
220 251
220 257
220 267
220 328
220 416
220 421
220 423
220 501
221 26
221 89
221 215
221 242
221 243
221 248
221 250
221 251
221 280
221 281
222 28
222 91
222 101
222 223
222 248
222 250
222 280
222 323
223 28
223 222
223 234
223 248
223 325
224 104
224 122
224 123
224 220
224 238
224 243
224 254
224 256
224 257
224 267
224 282
224 292
224 294
224 303
224 308
224 311
225 104
225 106
225 220
225 327
225 399
225 400
225 401
225 412
226 28
226 102
226 218
226 224
226 229
226 230
226 246
226 296
226 309
226 322
226 407
226 409
227 91
227 102
227 103
227 106
227 223
227 226
227 234
227 244
227 248
227 249
227 309
227 325
228 150
228 226
229 70
229 91
229 128
229 226
229 230
229 256
229 267
229 282
229 292
229 294
229 303
229 308
230 91
230 102
230 103
230 106
230 150
230 166
230 226
230 249
230 324
230 407
230 408
230 409
231 103
231 139
231 226
231 236
231 254
231 267
232 91
232 102
232 106
232 117
232 155
232 166
232 252
232 255
232 256
232 263
232 280
232 281
232 282
232 309
232 310
232 324
232 327
233 58
233 84
233 91
233 102
233 106
233 110
233 123
233 124
233 125
233 234
233 243
233 244
233 252
233 257
233 282
233 289
233 294
233 308
233 324
233 325
233 326
233 327
233 328
234 91
234 102
234 223
234 233
234 243
234 280
234 281
234 282
234 296
234 308
234 309
234 324
234 325
234 330
234 397
234 398
234 420
234 421
234 423
234 424
234 425
234 481
234 482
234 483
234 484
234 485
234 486
234 487
234 488
234 489
234 504
235 28
235 101
235 218
235 229
235 236
235 246
235 248
235 250
235 280
235 281
235 322
237 103
237 236
237 284
238 26
238 86
238 108
238 137
238 175
238 224
238 239
238 243
238 252
238 253
238 254
238 255
238 256
238 286
238 311
238 313
238 509
239 285
240 501
241 106
241 242
241 245
241 247
241 252
241 282
241 294
241 308
241 310
241 324
241 326
241 327
242 26
242 70
242 108
242 215
242 243
242 326
242 412
242 413
242 419
242 420
243 81
243 102
243 106
243 123
243 124
243 150
243 215
243 233
243 234
243 244
243 245
243 252
243 257
243 282
243 294
243 296
243 308
243 324
243 325
243 326
243 327
244 115
244 215
244 242
244 326
244 399
244 412
244 413
244 414
244 415
244 416
244 417
244 418
244 421
244 424
244 425
245 26
245 324
245 397
245 398
245 399
246 28
246 244
246 249
246 404
246 406
246 407
247 106
247 225
247 324
247 326
247 327
247 399
247 400
247 401
247 412
247 413
247 415
247 419
247 420
247 422
248 247
248 399
248 400
248 412
248 415
249 102
249 230
249 244
249 324
249 325
249 326
249 407
249 408
249 409
250 230
250 249
250 407
250 409
250 422
251 26
251 242
251 250
251 281
251 412
251 413
251 414
252 86
252 89
252 108
252 232
252 243
252 263
252 294
252 308
252 310
253 72
253 115
253 128
253 132
253 139
253 254
253 256
253 313
253 330
253 401
254 84
254 102
254 155
254 237
254 256
254 263
254 282
254 284
254 286
254 289
254 309
254 313
254 500
255 174
255 232
255 243
255 258
255 269
255 281
255 283
255 287
255 291
255 293
255 299
255 353
255 492
255 493
255 551
256 70
256 102
256 106
256 128
256 139
256 232
256 234
256 237
256 238
256 252
256 253
256 282
256 290
256 292
256 294
256 311
256 313
256 409
256 422
257 70
257 232
257 233
257 243
257 244
257 256
257 286
257 308
257 311
257 326
257 328
257 411
257 414
257 415
257 418
257 424
257 425
257 503
257 504
258 73
258 95
258 98
258 136
258 144
258 170
258 172
258 173
258 175
258 176
258 182
258 183
258 202
258 210
258 255
258 261
258 264
258 269
258 276
258 277
258 278
258 279
258 301
258 353
258 368
258 369
258 382
258 390
258 442
258 470
258 517
259 98
259 136
259 145
259 185
259 255
259 260
259 277
259 293
259 509
259 551
260 92
260 98
260 119
260 129
260 132
260 133
260 140
260 171
260 176
260 179
260 186
260 187
260 194
260 262
260 264
260 265
260 301
260 502
261 98
261 136
261 170
261 172
261 173
261 183
261 202
261 209
261 210
261 255
261 258
261 264
261 265
261 269
261 277
261 278
261 279
261 299
261 300
261 301
261 382
261 442
261 477
261 495
261 498
261 517
261 526
261 533
261 535
261 544
261 549
261 551
262 75
262 129
262 133
262 139
262 265
262 309
262 313
263 102
263 106
263 108
263 138
263 139
263 171
263 233
263 234
263 237
263 252
263 254
263 262
263 282
263 290
263 292
263 294
263 303
263 308
263 309
263 313
263 327
263 401
263 415
264 111
264 133
264 139
264 191
264 262
264 265
264 353
265 92
265 99
265 102
265 117
265 129
265 133
265 139
265 262
266 132
266 133
266 134
266 140
266 165
266 171
266 187
266 267
266 272
266 302
266 352
267 103
267 133
267 138
267 140
267 156
267 167
267 171
267 190
267 266
267 291
267 302
267 303
267 316
267 318
267 319
267 320
267 331
267 333
267 334
267 335
267 338
267 341
267 342
267 343
267 345
267 346
267 348
267 349
267 354
267 355
267 357
267 358
267 360
267 361
267 362
267 363
267 364
267 365
267 366
267 367
267 373
267 374
267 378
267 379
267 383
267 387
267 509
268 118
268 133
268 140
268 143
268 176
268 179
268 202
268 295
268 316
268 318
268 319
268 350
268 391
268 443
268 475
268 496
268 509
268 510
268 515
268 532
268 542
268 546
269 170
269 174
269 202
269 209
269 255
269 258
269 260
269 261
269 265
269 277
269 278
269 283
269 301
269 353
269 442
269 509
269 549
269 550
269 552
270 144
270 170
270 172
270 173
270 175
270 210
270 271
270 275
270 300
270 353
270 368
270 476
270 479
270 494
270 495
270 526
270 543
270 544
271 135
271 144
271 170
271 172
271 173
271 175
271 270
271 301
271 353
271 473
271 476
271 479
271 480
271 497
271 543
271 544
272 111
272 119
272 141
272 143
272 145
272 171
272 174
272 176
272 179
272 186
272 192
272 193
272 196
272 199
272 201
272 260
272 264
272 266
272 274
272 276
272 277
272 352
272 369
272 509
272 510
272 516
272 558
273 135
273 145
273 176
273 184
273 186
273 194
273 199
273 201
273 264
273 265
273 274
273 275
273 276
273 315
273 369
273 495
274 119
274 135
274 143
274 144
274 145
274 174
274 176
274 192
274 194
274 198
274 199
274 200
274 201
274 205
274 207
274 260
274 264
274 265
274 271
274 273
274 519
275 111
275 118
275 119
275 135
275 136
275 142
275 143
275 145
275 182
275 184
275 186
275 196
275 200
275 260
275 264
275 272
275 277
275 278
275 369
275 495
276 118
276 135
276 145
276 176
276 186
276 191
276 196
276 203
276 206
276 208
276 369
276 372
276 391
277 118
277 136
277 141
277 145
277 173
277 174
277 175
277 176
277 186
277 191
277 196
277 201
277 207
277 260
277 264
277 265
277 316
277 348
277 369
277 391
278 136
278 144
278 172
278 175
278 184
278 186
278 202
278 203
278 209
278 255
278 258
278 260
278 261
278 264
278 265
278 269
278 276
278 277
278 279
278 300
278 301
278 519
278 550
278 551
279 172
279 173
279 183
279 202
279 209
279 255
279 258
279 260
279 261
279 265
279 269
279 278
279 300
279 301
279 476
279 495
279 497
279 512
279 517
279 519
279 526
279 533
279 534
279 535
279 536
279 543
279 544
279 549
279 550
279 551
280 252
280 282
280 294
280 324
280 413
280 414
280 420
280 421
280 424
280 504
281 252
281 397
281 398
281 404
281 406
281 410
281 411
282 106
282 122
282 123
282 233
282 234
282 243
282 252
282 294
282 329
282 398
282 401
282 402
282 403
282 413
282 420
282 424
282 426
282 427
282 428
282 429
282 430
282 431
282 432
282 433
282 434
283 70
283 92
283 102
283 103
283 108
283 155
283 166
283 175
283 237
283 254
283 255
283 289
283 309
284 103
284 254
284 308
284 310
284 328
284 416
284 417
284 418
284 461
284 462
284 463
284 464
284 465
284 466
284 467
284 468
284 469
285 110
285 128
285 509
286 407
286 408
286 410
286 509
287 286
287 289
287 397
287 399
287 400
287 402
287 404
287 407
287 408
287 410
287 509
288 286
288 336
288 337
288 359
288 373
288 374
288 376
288 378
288 418
288 425
288 482
289 399
289 400
289 402
289 509
290 237
290 256
290 263
290 282
290 291
290 303
290 421
290 422
290 424
290 462
291 290
291 419
291 421
291 422
291 424
291 509
292 256
292 263
292 267
292 293
292 294
292 308
292 311
292 414
292 415
292 417
292 509
293 292
293 412
293 414
293 415
293 417
293 509
294 112
294 125
294 233
294 234
294 243
294 292
294 308
294 309
294 312
294 397
294 398
294 403
294 404
294 408
294 409
294 410
294 411
294 413
294 414
294 444
294 445
294 446
294 447
294 448
294 449
294 450
294 451
294 452
295 118
295 166
295 176
295 179
295 186
295 268
295 277
295 318
295 319
295 350
295 368
295 371
295 475
295 496
295 498
295 542
296 117
296 155
296 234
296 330
296 423
296 424
296 425
296 481
296 482
296 483
296 484
296 485
296 486
296 487
296 488
296 489
297 155
297 156
297 185
297 260
297 277
297 385
297 386
297 388
297 396
297 470
297 473
297 509
297 551
298 175
298 347
298 430
298 431
298 432
298 433
298 447
298 448
298 449
298 450
298 451
298 493
299 175
299 210
299 255
299 258
299 278
299 304
299 382
299 385
299 470
299 493
299 551
300 137
300 173
300 183
300 204
300 208
300 209
300 210
300 261
300 279
300 301
300 353
300 442
300 476
300 479
300 495
300 519
301 137
301 209
301 279
301 353
301 382
301 385
301 470
301 472
301 473
301 476
301 477
301 479
301 492
301 493
301 494
301 497
301 519
301 526
301 543
301 544
301 551
302 139
302 156
302 167
302 190
302 267
302 285
302 287
302 291
302 293
302 303
302 310
302 316
302 331
302 332
302 334
302 338
302 341
302 342
302 345
302 346
302 348
302 349
302 366
302 367
302 373
302 374
302 379
303 156
303 167
303 171
303 176
303 190
303 230
303 267
303 293
303 302
303 315
303 316
303 318
303 319
303 320
303 331
303 334
303 337
303 338
303 341
303 342
303 345
303 346
303 348
303 349
303 354
303 355
303 357
303 358
303 360
303 361
303 362
303 364
303 365
303 366
303 367
303 373
303 374
303 378
303 379
303 383
303 385
303 387
303 389
304 255
306 156
306 159
306 167
306 171
306 173
306 176
306 267
306 303
306 307
306 314
306 318
306 320
306 348
306 349
306 352
306 353
306 356
306 368
306 385
306 386
306 387
306 388
306 389
306 390
306 396
306 472
306 473
306 474
306 477
306 492
306 493
306 494
306 497
306 526
306 544
308 233
308 243
308 257
308 280
308 284
308 294
308 326
308 328
308 413
308 414
308 415
308 416
308 417
308 418
308 461
308 462
308 463
308 464
308 465
308 466
308 467
308 468
308 469
309 267
309 287
309 291
309 293
309 303
309 331
309 333
309 334
309 337
309 338
309 343
309 374
310 267
310 287
310 291
310 293
310 303
310 331
310 333
310 334
310 337
310 338
310 339
310 343
310 354
310 373
310 374
310 378
312 125
312 267
312 294
312 311
312 409
312 410
312 411
312 444
312 445
312 446
312 447
312 448
312 449
312 450
312 451
312 452
313 139
313 145
313 267
313 303
313 315
313 361
313 362
313 366
313 367
313 373
313 509
314 159
314 306
314 313
314 353
314 385
314 386
314 387
314 388
314 390
314 472
314 473
314 474
314 492
314 494
314 496
314 526
314 527
315 139
315 145
315 265
315 303
315 352
315 353
315 388
315 389
315 477
315 494
316 167
316 186
316 303
316 318
316 350
316 356
316 439
316 440
316 441
316 443
316 459
316 460
317 167
317 298
317 303
317 357
317 394
317 465
317 466
317 467
317 468
317 485
317 486
317 487
317 488
318 190
318 191
318 267
318 268
318 303
318 319
318 353
318 371
318 475
318 541
318 545
319 190
319 295
319 303
319 318
319 350
319 371
319 475
319 531
319 542
319 546
320 190
320 267
320 316
320 318
320 348
320 351
320 352
320 353
320 356
320 368
320 383
320 437
320 438
320 439
320 440
320 441
320 443
320 455
320 456
320 457
320 458
320 459
320 460
320 543
321 26
321 397
321 398
321 402
322 28
322 248
322 404
322 406
322 407
322 408
322 409
323 28
323 248
323 420
323 421
323 422
323 424
324 28
324 230
324 325
324 420
324 421
324 422
324 424
324 425
325 122
325 281
325 324
325 397
325 398
325 399
325 400
325 402
325 404
325 406
325 410
325 411
325 412
326 244
326 404
326 406
326 407
326 408
326 409
326 410
326 412
327 106
327 399
327 401
327 407
327 408
327 412
327 422
327 481
328 115
328 257
328 284
328 308
328 416
328 417
328 418
328 461
328 462
328 463
328 464
328 465
328 466
328 467
328 468
328 469
329 123
329 282
329 401
329 402
329 403
329 408
329 426
329 427
329 428
329 429
329 430
329 431
329 432
329 433
329 434
330 234
330 296
330 423
330 424
330 425
330 481
330 482
330 483
330 484
330 485
330 486
330 487
330 488
330 489
331 332
331 333
331 336
331 359
331 402
331 403
331 410
331 411
331 426
332 331
332 334
332 336
332 354
332 359
332 377
332 402
332 403
332 426
332 427
332 444
332 445
333 331
333 332
333 336
333 376
333 402
333 403
333 410
333 411
334 332
334 336
334 338
334 354
334 359
334 377
334 403
334 411
334 426
334 427
334 428
334 444
334 445
335 334
335 336
335 338
335 339
335 340
335 341
335 361
335 377
335 392
335 427
335 428
335 429
335 430
335 445
335 446
335 447
336 334
336 359
336 375
336 402
336 403
336 410
336 411
336 426
336 427
336 444
336 445
336 446
337 334
337 336
337 376
337 418
337 425
337 461
337 481
338 340
338 341
338 343
338 361
338 377
338 392
338 427
338 428
338 429
338 445
338 446
338 447
338 448
339 338
339 377
339 427
339 428
339 445
339 446
340 338
340 377
340 392
340 428
340 429
340 430
340 446
340 447
340 448
341 335
341 340
341 392
341 393
341 429
341 430
341 431
341 447
341 448
341 449
342 341
342 344
342 393
342 394
342 430
342 431
342 432
342 448
342 449
342 450
343 340
343 341
343 342
343 361
343 362
343 392
343 393
343 394
343 429
343 430
343 431
343 432
343 447
343 448
343 449
344 342
344 363
344 394
344 431
344 432
344 433
344 434
344 449
344 450
344 451
344 452
345 298
345 392
345 393
345 394
345 395
345 429
345 430
345 431
345 432
345 433
345 434
345 446
345 447
345 448
345 449
345 450
345 451
345 452
346 345
346 349
346 355
346 382
346 384
346 395
346 396
346 432
346 433
346 434
346 435
346 436
346 437
346 450
346 451
346 452
346 453
346 454
346 455
347 158
347 345
347 346
347 348
347 355
347 364
347 365
347 392
347 393
347 394
347 395
347 432
347 433
347 434
347 435
347 436
347 437
347 450
347 451
347 452
347 453
347 454
347 455
348 316
348 346
348 352
348 353
348 356
348 368
348 384
348 385
348 386
348 390
348 396
348 434
348 435
348 436
348 437
348 438
348 439
348 452
348 453
348 454
348 455
348 456
348 457
349 320
349 348
349 365
349 366
349 384
349 395
349 434
349 435
349 436
349 437
349 438
349 452
349 453
349 454
349 455
349 456
350 186
350 206
350 275
350 316
350 348
350 351
350 353
350 356
350 368
350 372
350 439
350 440
350 441
350 460
351 316
351 320
351 350
351 353
351 356
351 439
351 440
351 441
351 443
351 457
351 458
351 460
352 316
352 320
352 367
352 384
352 437
352 438
352 439
352 440
352 441
352 443
352 455
352 456
352 457
352 458
352 459
352 460
353 351
353 441
353 443
353 457
353 458
353 459
354 332
354 336
354 359
354 403
354 411
354 426
354 427
354 444
354 445
355 158
355 159
355 314
355 344
355 386
355 390
355 396
355 470
355 471
355 472
355 490
355 491
355 492
356 173
356 176
356 306
356 315
356 352
356 368
356 439
356 477
356 497
356 498
356 544
357 317
357 333
357 354
357 379
357 381
357 393
357 394
357 466
357 467
357 468
357 485
357 486
357 487
357 488
358 333
358 339
358 354
358 383
358 394
358 395
358 467
358 468
358 469
358 487
358 488
358 489
359 333
359 336
359 373
359 375
359 418
359 425
359 461
359 462
359 481
359 482
360 339
360 354
360 361
360 362
360 383
360 384
360 395
360 469
360 470
360 471
360 488
360 489
360 490
361 340
361 392
361 428
361 429
361 430
361 447
361 448
362 393
362 429
362 430
362 448
363 394
363 431
363 432
363 449
363 450
364 395
364 433
364 434
364 451
364 452
365 384
365 435
365 436
365 453
365 454
366 396
366 437
366 438
366 455
366 456
367 386
367 390
367 438
367 457
367 458
368 173
368 276
368 316
368 319
368 353
368 387
368 388
368 457
368 473
368 477
368 494
368 497
368 528
368 544
369 111
369 118
369 141
369 142
369 143
369 144
369 145
369 176
369 182
369 186
369 196
369 197
369 200
369 201
369 203
369 204
369 206
369 260
369 270
369 272
369 275
369 276
369 277
369 278
369 316
369 350
369 372
369 510
370 141
370 176
370 186
370 190
370 191
370 318
370 371
370 509
370 516
371 176
371 186
371 195
371 206
371 268
371 295
371 318
371 350
371 372
371 474
371 475
371 477
371 541
371 545
372 118
372 176
372 186
372 195
372 196
372 206
372 276
372 277
372 318
372 350
372 369
372 371
372 523
372 541
372 543
372 545
373 288
373 336
373 337
373 359
373 374
373 375
373 376
373 418
373 425
373 461
373 462
373 481
373 482
374 336
374 340
374 359
374 375
374 377
374 378
374 380
374 461
374 462
374 463
374 464
374 482
374 483
374 484
375 336
375 340
375 359
375 373
375 374
375 377
375 461
375 462
375 463
375 464
375 481
375 482
375 483
375 484
376 288
376 336
376 337
376 418
376 461
377 336
377 374
377 375
377 380
377 463
377 464
377 483
377 484
378 340
378 380
378 381
378 392
378 465
378 466
378 484
378 485
378 486
379 340
379 357
379 381
379 393
379 465
379 466
379 485
379 486
379 487
380 340
380 377
380 378
380 379
380 392
380 463
380 464
380 465
380 466
380 483
380 484
380 485
380 486
381 298
381 340
381 378
381 379
381 392
381 393
381 465
381 466
381 485
381 486
381 487
382 434
382 435
382 436
382 449
382 450
382 451
382 452
382 453
382 454
383 158
383 314
383 358
383 360
383 382
383 390
383 394
383 395
383 468
383 469
383 488
383 489
384 156
384 158
384 355
384 360
384 382
384 468
384 469
384 489
384 490
385 437
385 438
385 455
385 456
386 173
386 314
386 385
386 387
386 471
386 472
386 473
386 492
386 494
386 526
387 176
387 306
387 315
387 353
387 368
387 388
387 390
387 473
387 474
387 477
387 492
387 493
387 494
387 527
388 159
388 176
388 306
388 314
388 315
388 353
388 387
388 389
388 390
388 473
388 474
388 477
388 480
388 494
388 496
388 497
388 527
388 528
388 544
389 176
389 306
389 353
389 356
389 388
389 477
389 497
389 544
390 144
390 173
390 176
390 306
390 314
390 353
390 387
390 388
390 474
390 477
390 480
390 494
390 496
390 520
390 526
390 527
391 118
391 191
391 268
391 276
391 353
391 369
391 515
391 529
391 530
392 378
392 380
392 465
392 466
392 484
392 485
392 486
393 288
393 357
393 379
393 381
393 465
393 466
393 467
393 485
393 486
394 317
394 357
394 466
394 467
394 468
394 469
394 486
394 487
394 488
395 158
395 358
395 383
395 467
395 468
395 469
395 487
395 488
395 489
396 156
396 159
396 383
396 470
396 471
396 472
396 491
396 492
396 493
405 406
442 173
442 183
442 184
442 192
442 202
442 258
442 261
442 279
442 300
442 441
442 513
442 517
442 547
442 549
442 551
475 118
475 142
475 143
475 176
475 190
475 191
475 192
475 206
475 268
475 295
475 318
475 319
475 370
475 371
475 372
475 474
475 509
475 525
475 541
475 545
476 271
476 301
476 474
476 477
476 479
476 494
476 543
476 544
478 185
478 265
478 297
478 477
478 494
478 509
478 521
479 180
479 203
479 258
479 271
479 301
479 476
479 477
479 494
479 495
479 511
479 527
479 543
479 544
495 210
495 270
495 300
495 476
495 479
495 494
495 497
495 526
495 527
495 543
495 544
510 118
510 119
510 176
510 196
510 205
510 209
510 210
510 268
510 475
510 509
510 543
515 118
515 268
515 391
515 530
515 531
516 119
516 141
516 143
516 179
516 201
516 260
516 265
516 318
516 370
516 371
517 144
517 183
517 205
517 209
517 210
517 261
517 279
517 442
517 519
517 533
517 535
517 551
518 141
518 173
518 176
518 182
518 202
518 208
518 264
519 172
519 183
519 202
519 204
519 209
519 261
519 279
519 300
519 301
519 517
519 536
519 551
