*Vertices 3458
*Arcs
6 549
15 164
15 1034
15 1101
15 1103
15 1745
15 1917
15 1974
15 2158
15 2212
15 2457
15 2512
35 86
35 148
35 353
35 546
35 968
35 1364
35 1378
35 1398
35 1565
35 2383
35 2401
35 3339
45 254
45 688
45 1154
45 1236
45 1277
45 1577
45 1727
45 2209
45 2574
45 3092
45 3268
45 3363
45 3407
45 3420
59 143
59 210
59 406
59 589
59 695
59 882
59 983
59 997
59 1472
59 1588
59 1789
59 1804
59 1820
59 1866
59 1877
59 2102
59 2173
59 2194
59 2526
59 2551
59 2618
59 2863
59 3028
59 3091
59 3180
63 1764
63 3323
69 254
69 432
69 684
69 2874
69 3363
73 324
73 403
73 1225
82 62
82 94
82 2630
107 39
107 210
107 734
107 742
107 1084
107 1109
107 1434
107 1622
107 1665
107 1943
107 2173
107 2185
107 2375
107 2445
107 2599
107 2863
107 2906
107 3180
107 3214
107 3233
124 94
124 1064
124 2313
124 2630
124 2757
124 2965
124 3079
124 3386
127 1701
127 2047
127 3386
137 2193
137 2213
137 3023
138 128
138 191
138 200
138 375
138 387
138 475
138 573
138 635
138 640
138 655
138 670
138 862
138 929
138 948
138 1043
138 1157
138 1345
138 1549
138 1586
138 1736
138 1799
138 2093
138 2104
138 2222
138 2250
138 2285
138 2315
138 2378
138 2468
138 2503
138 2680
138 2727
138 2744
138 2823
138 2965
138 2972
138 3081
138 3127
138 3352
138 3389
138 3402
138 3427
144 114
144 263
144 400
144 640
144 702
144 786
144 789
144 834
144 844
144 929
144 969
144 1069
144 1261
144 1300
144 1324
144 1355
144 1469
144 1515
144 1520
144 1564
144 2319
144 2551
144 2553
144 2669
144 2748
144 2985
144 3083
144 3256
160 20
160 831
160 1104
160 1446
160 1684
160 2392
160 3104
177 105
177 167
177 207
177 232
177 233
177 243
177 447
177 465
177 516
177 549
177 645
177 795
177 852
177 872
177 894
177 908
177 957
177 962
177 972
177 1019
177 1029
177 1040
177 1167
177 1254
177 1257
177 1268
177 1283
177 1292
177 1310
177 1321
177 1326
177 1336
177 1355
177 1441
177 1491
177 1501
177 1508
177 1552
177 1607
177 1788
177 1794
177 1834
177 1886
177 1963
177 2032
177 2185
177 2194
177 2204
177 2254
177 2316
177 2382
177 2484
177 2505
177 2655
177 2755
177 3091
177 3096
177 3105
177 3321
177 3325
177 3385
192 1376
192 2979
215 170
215 189
215 294
215 354
215 366
215 458
215 568
215 602
215 608
215 851
215 1166
215 1685
215 1703
215 2250
215 2381
215 2426
215 2538
215 2548
215 2550
215 2652
215 2848
215 2887
215 2958
215 3272
229 109
229 185
229 318
229 357
229 823
229 964
229 1407
229 1635
229 1821
229 2065
229 2293
229 2364
229 2914
229 2967
247 1282
247 1540
247 1731
247 2141
247 2531
251 295
251 680
251 771
251 825
251 884
251 915
251 1042
251 1047
251 1056
251 1132
251 2075
251 2302
251 2441
251 2524
251 2650
251 2673
251 3411
252 357
252 948
252 1345
252 1542
252 1659
252 1840
252 2051
252 2568
252 2630
255 106
255 237
255 297
255 321
255 526
255 615
255 620
255 640
255 706
255 711
255 948
255 1150
255 1154
255 1216
255 1230
255 1334
255 1345
255 1375
255 1381
255 1382
255 1542
255 1562
255 1738
255 1878
255 1887
255 1891
255 1985
255 2150
255 2309
255 2386
255 2480
255 2529
255 2568
255 2602
255 2633
255 2689
255 2739
255 2838
255 2866
255 2877
255 2908
255 2965
255 3054
255 3069
255 3074
255 3077
255 3293
255 3330
257 13
257 240
257 283
257 337
257 472
257 627
257 782
257 784
257 817
257 1028
257 1029
257 1181
257 1200
257 1300
257 1408
257 1445
257 1515
257 1534
257 1574
257 1719
257 1746
257 1764
257 2165
257 2221
257 2330
257 2632
257 2649
257 2971
257 2976
257 3056
257 3262
257 3323
260 85
260 191
260 338
260 447
260 575
260 852
260 862
260 1280
260 1473
260 1564
260 1703
260 1793
260 2018
260 2102
260 2204
260 2507
260 2551
260 2785
261 2100
312 1021
324 10
324 19
324 48
324 64
324 105
324 131
324 296
324 316
324 334
324 338
324 382
324 394
324 403
324 408
324 409
324 421
324 467
324 502
324 535
324 538
324 555
324 574
324 630
324 662
324 665
324 683
324 759
324 768
324 794
324 894
324 898
324 899
324 952
324 972
324 977
324 1000
324 1019
324 1077
324 1108
324 1141
324 1146
324 1160
324 1189
324 1192
324 1198
324 1199
324 1205
324 1213
324 1223
324 1254
324 1257
324 1272
324 1280
324 1292
324 1312
324 1319
324 1322
324 1335
324 1336
324 1340
324 1357
324 1367
324 1376
324 1386
324 1441
324 1459
324 1476
324 1482
324 1499
324 1529
324 1542
324 1552
324 1574
324 1594
324 1631
324 1725
324 1760
324 1802
324 1927
324 1928
324 1929
324 1957
324 1967
324 1985
324 2011
324 2012
324 2030
324 2041
324 2045
324 2063
324 2070
324 2099
324 2187
324 2194
324 2201
324 2237
324 2269
324 2287
324 2297
324 2313
324 2391
324 2437
324 2495
324 2530
324 2532
324 2544
324 2560
324 2565
324 2633
324 2640
324 2712
324 2841
324 2844
324 2863
324 2934
324 2947
324 2979
324 2989
324 2995
324 3062
324 3088
324 3091
324 3094
324 3106
324 3114
324 3129
324 3180
324 3245
324 3308
324 3321
324 3343
324 3346
324 3364
324 3369
324 3388
324 3393
324 3397
324 3436
324 3448
335 62
335 94
335 1253
335 1582
335 2037
335 2630
339 39
339 669
339 742
339 2275
339 2375
339 2924
339 3214
371 53
371 185
371 333
371 344
371 388
371 472
371 695
371 786
371 813
371 830
371 871
371 912
371 959
371 979
371 983
371 1074
371 1117
371 1149
371 1373
371 1496
371 1503
371 1582
371 1611
371 1648
371 1694
371 1731
371 1884
371 1984
371 1990
371 2065
371 2105
371 2324
371 2326
371 2382
371 2458
371 2700
371 2803
371 2880
371 2925
371 2965
371 3057
371 3113
371 3168
371 3169
371 3182
371 3186
371 3341
371 3344
372 62
372 331
372 501
372 612
372 892
372 1124
372 1250
372 1463
372 1665
372 1901
372 2449
372 2721
372 2751
372 2810
372 2985
372 3006
372 3115
372 3233
374 1886
386 777
386 1434
386 1490
386 1622
386 2079
396 62
396 1251
396 1582
396 2051
396 2568
396 2630
430 270
430 908
430 1342
449 225
449 350
449 433
449 972
449 998
465 2630
477 15
477 58
477 164
477 226
477 523
477 567
477 583
477 713
477 714
477 768
477 830
477 984
477 1034
477 1128
477 1174
477 1207
477 1324
477 1325
477 1443
477 1520
477 1521
477 1557
477 1715
477 1744
477 1776
477 1803
477 1828
477 1926
477 2045
477 2084
477 2149
477 2158
477 2304
477 2306
477 2378
477 2412
477 2458
477 2512
477 2526
477 2533
477 2585
477 2725
477 2854
477 2889
477 2901
477 2967
477 2982
477 3084
477 3124
477 3191
477 3241
477 3284
487 572
487 1104
487 2392
491 167
491 1167
491 1871
491 2755
495 57
495 782
495 1524
495 1749
495 1794
495 1963
495 3318
495 3406
526 19
526 21
526 36
526 42
526 60
526 106
526 197
526 209
526 241
526 246
526 281
526 288
526 298
526 309
526 316
526 361
526 438
526 491
526 495
526 525
526 549
526 564
526 615
526 620
526 627
526 645
526 711
526 716
526 725
526 744
526 750
526 764
526 785
526 791
526 817
526 827
526 840
526 891
526 898
526 911
526 972
526 1002
526 1003
526 1029
526 1091
526 1107
526 1118
526 1130
526 1147
526 1191
526 1198
526 1202
526 1230
526 1275
526 1290
526 1292
526 1325
526 1327
526 1360
526 1392
526 1393
526 1482
526 1508
526 1509
526 1515
526 1530
526 1562
526 1571
526 1608
526 1652
526 1661
526 1702
526 1724
526 1725
526 1763
526 1766
526 1809
526 1837
526 1854
526 1897
526 1901
526 1969
526 2037
526 2070
526 2083
526 2135
526 2145
526 2167
526 2176
526 2185
526 2214
526 2237
526 2286
526 2300
526 2336
526 2342
526 2347
526 2351
526 2389
526 2391
526 2409
526 2436
526 2437
526 2464
526 2472
526 2495
526 2499
526 2501
526 2534
526 2561
526 2580
526 2586
526 2612
526 2641
526 2668
526 2672
526 2713
526 2716
526 2771
526 2776
526 2803
526 2808
526 2828
526 2835
526 2844
526 2851
526 2862
526 2884
526 2891
526 2979
526 2980
526 3017
526 3033
526 3052
526 3063
526 3073
526 3096
526 3120
526 3151
526 3169
526 3178
526 3199
526 3242
526 3264
526 3293
526 3321
526 3343
526 3393
526 3406
526 3446
526 3449
538 71
538 123
538 140
538 230
538 245
538 251
538 287
538 291
538 316
538 323
538 341
538 383
538 443
538 464
538 469
538 484
538 489
538 500
538 503
538 713
538 743
538 781
538 787
538 835
538 895
538 956
538 961
538 963
538 1060
538 1064
538 1083
538 1102
538 1156
538 1162
538 1168
538 1348
538 1387
538 1419
538 1420
538 1600
538 1656
538 1665
538 1674
538 1800
538 1832
538 1840
538 1841
538 1848
538 1874
538 1940
538 1986
538 2057
538 2159
538 2194
538 2385
538 2403
538 2462
538 2548
538 2570
538 2583
538 2597
538 2605
538 2613
538 2625
538 2657
538 2665
538 2752
538 2867
538 2897
538 3019
538 3091
538 3191
538 3286
538 3377
540 1574
540 1764
550 1300
550 1578
550 1599
550 1713
550 2051
552 108
552 121
552 249
552 275
552 322
552 368
552 405
552 512
552 522
552 536
552 538
552 576
552 646
552 659
552 763
552 839
552 879
552 918
552 970
552 1050
552 1135
552 1187
552 1263
552 1395
552 1411
552 1447
552 1544
552 1548
552 1579
552 1609
552 1617
552 1636
552 1854
552 1856
552 1889
552 1890
552 1966
552 1987
552 2020
552 2075
552 2118
552 2149
552 2379
552 2384
552 2392
552 2441
552 2544
552 2559
552 2647
552 2668
552 2673
552 2697
552 2704
552 2844
552 2964
552 2978
552 3005
552 3073
552 3122
552 3132
552 3135
552 3179
552 3181
552 3210
552 3280
552 3314
552 3323
552 3416
552 3417
552 3441
578 1616
578 2119
578 2530
578 2568
578 2642
585 28
585 45
585 48
585 85
585 133
585 146
585 191
585 218
585 239
585 249
585 280
585 338
585 382
585 388
585 403
585 433
585 447
585 512
585 561
585 571
585 582
585 586
585 609
585 633
585 655
585 665
585 760
585 765
585 852
585 885
585 899
585 921
585 950
585 957
585 1057
585 1066
585 1158
585 1160
585 1270
585 1280
585 1363
585 1411
585 1451
585 1454
585 1498
585 1541
585 1542
585 1590
585 1688
585 1712
585 1762
585 1791
585 1793
585 1875
585 1912
585 1927
585 1928
585 1987
585 2048
585 2077
585 2111
585 2187
585 2204
585 2283
585 2289
585 2303
585 2337
585 2391
585 2399
585 2465
585 2505
585 2544
585 2554
585 2675
585 2712
585 2756
585 2757
585 2844
585 2934
585 2990
585 3007
585 3042
585 3045
585 3077
585 3166
585 3204
585 3304
585 3346
585 3371
585 3402
585 3417
594 154
594 173
594 228
594 386
594 439
594 498
594 588
594 641
594 907
594 950
594 1014
594 1151
594 1177
594 1254
594 1351
594 1477
594 1543
594 1549
594 1632
594 1678
594 1756
594 1944
594 1985
594 2051
594 2261
594 2294
594 2318
594 2330
594 2471
594 2531
594 2558
594 2575
594 2674
594 2735
594 3034
594 3350
594 3386
604 35
604 45
604 871
604 982
604 2127
604 3162
604 3187
604 3204
604 3363
640 436
640 658
640 1230
640 1562
640 1578
640 2464
649 549
649 1659
649 2392
649 2630
658 954
670 375
670 862
670 1764
673 1252
673 2952
674 2037
683 210
683 357
683 1472
683 2495
683 2863
683 3386
696 1451
696 1782
736 164
736 212
736 714
736 780
736 890
736 1020
736 1034
736 1174
736 1248
736 1403
736 1416
736 1494
736 1657
736 1715
736 1745
736 1874
736 2158
736 2382
736 2457
736 2475
736 2512
736 2516
736 2526
736 2876
736 3078
736 3191
736 3279
759 2
759 24
759 76
759 84
759 139
759 152
759 165
759 185
759 228
759 242
759 258
759 270
759 284
759 316
759 344
759 388
759 468
759 529
759 549
759 639
759 668
759 716
759 752
759 809
759 830
759 872
759 920
759 926
759 947
759 979
759 987
759 1003
759 1054
759 1113
759 1214
759 1312
759 1424
759 1540
759 1574
759 1609
759 1611
759 1626
759 1645
759 1677
759 1731
759 1742
759 1775
759 1887
759 1902
759 1933
759 1938
759 1985
759 1990
759 2005
759 2058
759 2096
759 2150
759 2156
759 2228
759 2268
759 2294
759 2309
759 2318
759 2324
759 2326
759 2384
759 2460
759 2466
759 2476
759 2478
759 2480
759 2510
759 2556
759 2558
759 2575
759 2666
759 2679
759 2686
759 2689
759 2735
759 2784
759 2795
759 2797
759 2838
759 2845
759 2877
759 2890
759 2922
759 2929
759 2940
759 2964
759 2965
759 3065
759 3069
759 3076
759 3095
759 3103
759 3169
759 3199
759 3214
759 3242
759 3296
759 3309
759 3351
759 3354
759 3402
759 3431
770 706
770 1216
770 2119
770 2568
770 2602
770 3147
778 8
778 300
778 541
778 1190
778 1738
778 1752
778 1771
778 2051
778 2348
778 2540
778 2749
778 2775
778 2959
778 3047
778 3132
778 3410
778 3440
781 117
781 958
781 1277
781 2117
781 2209
781 2810
781 3115
781 3324
803 191
803 742
803 777
803 2526
803 3346
823 318
823 964
823 1033
823 1142
823 1293
823 1829
823 2293
823 2364
823 3305
836 2529
846 46
846 66
846 459
846 532
846 577
846 617
846 869
846 1135
846 1400
846 1527
846 1764
846 2078
846 2459
846 3323
851 1815
851 2529
883 78
883 1063
883 1641
883 2353
883 2365
883 2971
883 3133
883 3262
887 195
887 206
887 559
887 694
887 985
887 1376
887 1665
887 1867
887 2382
887 2398
887 2677
887 3042
887 3177
896 185
896 270
896 357
896 453
896 501
896 549
896 552
896 620
896 650
896 711
896 763
896 1002
896 1045
896 1300
896 1329
896 1342
896 1416
896 1490
896 1542
896 1599
896 1901
896 2051
896 2178
896 2207
896 2281
896 2464
896 2926
896 3077
896 3244
896 3293
896 3386
917 12
917 36
917 54
917 60
917 110
917 115
917 129
917 142
917 156
917 211
917 288
917 329
917 352
917 359
917 395
917 422
917 446
917 507
917 564
917 601
917 636
917 666
917 691
917 708
917 718
917 729
917 745
917 757
917 797
917 824
917 889
917 901
917 924
917 958
917 966
917 980
917 998
917 1047
917 1065
917 1095
917 1120
917 1121
917 1140
917 1144
917 1165
917 1172
917 1227
917 1244
917 1245
917 1255
917 1350
917 1351
917 1359
917 1369
917 1399
917 1412
917 1418
917 1422
917 1425
917 1448
917 1450
917 1463
917 1476
917 1484
917 1528
917 1548
917 1561
917 1569
917 1576
917 1606
917 1612
917 1640
917 1655
917 1659
917 1681
917 1692
917 1720
917 1728
917 1778
917 1808
917 1814
917 1818
917 1833
917 1838
917 1853
917 1860
917 1866
917 1871
917 1873
917 1895
917 1915
917 1929
917 1932
917 1943
917 1947
917 2026
917 2028
917 2031
917 2038
917 2050
917 2097
917 2098
917 2102
917 2126
917 2129
917 2132
917 2148
917 2159
917 2177
917 2181
917 2220
917 2235
917 2263
917 2274
917 2282
917 2289
917 2297
917 2301
917 2311
917 2319
917 2328
917 2354
917 2358
917 2390
917 2404
917 2417
917 2418
917 2429
917 2449
917 2482
917 2562
917 2578
917 2586
917 2596
917 2599
917 2619
917 2634
917 2660
917 2695
917 2699
917 2701
917 2716
917 2744
917 2757
917 2776
917 2798
917 2808
917 2817
917 2827
917 2847
917 2856
917 2891
917 2900
917 2916
917 2927
917 2955
917 2961
917 2972
917 3004
917 3007
917 3049
917 3082
917 3098
917 3104
917 3120
917 3142
917 3171
917 3198
917 3208
917 3259
917 3264
917 3271
917 3297
917 3298
917 3329
917 3342
917 3348
917 3355
917 3365
917 3374
917 3381
917 3398
917 3426
917 3438
917 3443
917 3447
917 3450
929 260
929 444
929 526
929 615
929 620
929 640
929 711
929 1002
929 1230
929 1375
929 1562
929 1738
929 2037
929 2084
929 2908
929 3077
929 3293
932 18
932 64
932 73
932 106
932 119
932 131
932 150
932 164
932 190
932 241
932 243
932 324
932 334
932 391
932 403
932 418
932 497
932 501
932 504
932 516
932 525
932 535
932 585
932 620
932 638
932 711
932 756
932 849
932 894
932 950
932 957
932 977
932 1006
932 1018
932 1070
932 1087
932 1118
932 1124
932 1128
932 1148
932 1177
932 1184
932 1191
932 1198
932 1225
932 1230
932 1254
932 1272
932 1283
932 1374
932 1427
932 1443
932 1477
932 1485
932 1552
932 1562
932 1583
932 1650
932 1665
932 1694
932 1725
932 1757
932 1766
932 1831
932 1901
932 1967
932 1976
932 2037
932 2039
932 2055
932 2059
932 2170
932 2237
932 2243
932 2271
932 2300
932 2364
932 2371
932 2374
932 2450
932 2464
932 2477
932 2499
932 2502
932 2505
932 2654
932 2684
932 2712
932 2739
932 2779
932 2783
932 2875
932 2920
932 2923
932 3017
932 3042
932 3060
932 3094
932 3139
932 3153
932 3163
932 3257
932 3261
932 3293
932 3313
932 3343
932 3361
932 3388
933 43
933 296
933 1333
933 1634
933 1642
933 1666
933 2147
933 2374
933 2448
933 2604
933 2610
933 2622
933 2800
933 3155
933 3203
934 62
934 1253
934 2630
937 549
937 2392
937 2630
943 48
943 85
943 106
943 165
943 206
943 246
943 249
943 265
943 283
943 309
943 316
943 321
943 370
943 382
943 391
943 438
943 471
943 514
943 530
943 549
943 554
943 561
943 574
943 592
943 638
943 665
943 720
943 766
943 814
943 827
943 840
943 876
943 894
943 906
943 920
943 921
943 926
943 928
943 933
943 1019
943 1123
943 1154
943 1160
943 1179
943 1184
943 1189
943 1223
943 1257
943 1270
943 1280
943 1337
943 1357
943 1401
943 1411
943 1441
943 1451
943 1466
943 1482
943 1499
943 1529
943 1541
943 1578
943 1590
943 1628
943 1636
943 1679
943 1745
943 1762
943 1767
943 1793
943 1835
943 1877
943 1890
943 1927
943 1979
943 2012
943 2020
943 2037
943 2105
943 2161
943 2187
943 2246
943 2327
943 2337
943 2345
943 2364
943 2384
943 2424
943 2433
943 2437
943 2461
943 2473
943 2522
943 2558
943 2645
943 2659
943 2712
943 2723
943 2791
943 2797
943 2841
943 2875
943 2877
943 2915
943 2997
943 3028
943 3073
943 3144
943 3174
943 3206
943 3210
943 3275
943 3330
943 3333
943 3352
943 3367
943 3371
943 3397
943 3416
943 3417
946 62
946 94
946 650
946 1253
946 1659
946 2630
949 1007
949 1154
949 1216
949 2119
949 2262
949 2568
949 2630
949 2797
949 3318
949 3330
976 152
976 447
976 549
976 716
976 799
976 809
976 836
976 873
976 1021
976 1030
976 1159
976 1259
976 1299
976 1388
976 1416
976 1526
976 1761
976 1867
976 1919
976 1996
976 2197
976 2204
976 2296
976 2382
976 2478
976 2535
976 2653
976 2825
976 2926
976 2935
976 2948
976 2966
976 2996
976 3095
976 3136
976 3146
976 3152
976 3362
976 3396
981 1345
984 138
995 104
995 298
995 357
995 466
995 690
995 1297
995 1328
995 1416
995 1703
995 1783
995 1793
995 1821
995 1840
995 2082
995 2085
995 2102
995 2266
995 2531
995 2536
995 2551
995 2571
995 2702
995 2770
995 2822
995 2970
995 2971
995 3262
1032 350
1032 631
1032 711
1032 1659
1032 1728
1032 1838
1032 2313
1032 2333
1032 2692
1077 62
1077 2630
1090 575
1090 772
1090 862
1090 1458
1090 1473
1090 1560
1090 2860
1090 2943
1090 3442
1116 1988
1116 2229
1129 94
1129 914
1129 3386
1131 549
1131 1002
1131 2392
1131 2630
1131 2965
1135 623
1135 1573
1135 2202
1135 2362
1135 2552
1135 2888
1135 3022
1135 3069
1135 3119
1135 3421
1137 1659
1147 2025
1172 17
1172 45
1172 71
1172 105
1172 149
1172 190
1172 195
1172 250
1172 278
1172 316
1172 382
1172 394
1172 418
1172 497
1172 514
1172 543
1172 559
1172 582
1172 585
1172 647
1172 665
1172 667
1172 724
1172 746
1172 814
1172 826
1172 879
1172 894
1172 921
1172 942
1172 950
1172 971
1172 977
1172 1032
1172 1057
1172 1153
1172 1155
1172 1177
1172 1243
1172 1257
1172 1272
1172 1327
1172 1363
1172 1388
1172 1459
1172 1477
1172 1479
1172 1485
1172 1537
1172 1538
1172 1585
1172 1600
1172 1625
1172 1631
1172 1650
1172 1694
1172 1720
1172 1725
1172 1739
1172 1806
1172 1831
1172 1895
1172 1927
1172 1929
1172 1957
1172 1958
1172 1960
1172 1967
1172 1971
1172 2160
1172 2174
1172 2187
1172 2248
1172 2255
1172 2257
1172 2297
1172 2435
1172 2442
1172 2499
1172 2501
1172 2550
1172 2633
1172 2684
1172 2712
1172 2767
1172 2769
1172 2779
1172 2902
1172 2923
1172 2934
1172 2979
1172 2986
1172 3002
1172 3051
1172 3060
1172 3064
1172 3071
1172 3088
1172 3129
1172 3139
1172 3153
1172 3192
1172 3204
1172 3257
1172 3261
1172 3292
1172 3314
1172 3346
1172 3363
1172 3393
1172 3404
1177 5
1177 45
1177 85
1177 122
1177 175
1177 191
1177 218
1177 232
1177 239
1177 243
1177 264
1177 277
1177 280
1177 338
1177 382
1177 387
1177 388
1177 403
1177 422
1177 433
1177 457
1177 463
1177 565
1177 582
1177 601
1177 609
1177 633
1177 645
1177 655
1177 665
1177 749
1177 765
1177 800
1177 856
1177 863
1177 899
1177 957
1177 987
1177 1041
1177 1145
1177 1280
1177 1292
1177 1310
1177 1342
1177 1343
1177 1363
1177 1389
1177 1392
1177 1451
1177 1454
1177 1498
1177 1541
1177 1542
1177 1552
1177 1555
1177 1564
1177 1589
1177 1651
1177 1670
1177 1688
1177 1712
1177 1723
1177 1755
1177 1793
1177 1927
1177 1937
1177 2018
1177 2040
1177 2048
1177 2049
1177 2076
1177 2187
1177 2234
1177 2337
1177 2384
1177 2391
1177 2399
1177 2423
1177 2485
1177 2497
1177 2505
1177 2507
1177 2514
1177 2544
1177 2675
1177 2686
1177 2747
1177 2754
1177 2785
1177 2818
1177 2831
1177 2844
1177 2931
1177 2934
1177 2990
1177 3041
1177 3045
1177 3073
1177 3077
1177 3116
1177 3117
1177 3166
1177 3173
1177 3204
1177 3231
1177 3315
1177 3337
1177 3402
1177 3427
1178 254
1178 318
1178 321
1178 706
1178 759
1178 861
1178 979
1178 1345
1178 1381
1178 1382
1178 1738
1178 1782
1178 1878
1178 1985
1178 2119
1178 2480
1178 2568
1178 2602
1178 2739
1178 2838
1178 2866
1178 2965
1178 3054
1178 3147
1178 3330
1190 2386
1190 2529
1228 39
1228 241
1228 331
1228 1101
1228 1118
1228 1273
1228 1320
1228 1334
1228 1517
1228 1671
1228 1771
1228 2116
1228 2343
1228 2462
1228 2550
1228 2628
1228 2906
1228 3121
1230 1571
1231 74
1231 138
1231 573
1231 1345
1231 3352
1234 692
1234 977
1234 1745
1234 2979
1234 3042
1238 94
1238 412
1238 650
1238 983
1238 1210
1238 1253
1238 1345
1238 1659
1238 1840
1238 2037
1238 2630
1238 3132
1238 3440
1251 30
1251 241
1251 323
1251 749
1251 813
1251 861
1251 892
1251 1084
1251 1118
1251 1193
1251 1370
1251 1444
1251 1611
1251 1714
1251 2185
1251 2193
1251 2375
1251 2388
1251 2445
1251 2560
1251 2944
1251 3113
1251 3121
1251 3214
1251 3225
1251 3232
1279 15
1279 101
1279 136
1279 306
1279 465
1279 499
1279 650
1279 698
1279 742
1279 892
1279 1084
1279 1106
1279 1109
1279 1334
1279 1582
1279 1665
1279 2130
1279 2185
1279 2332
1279 2479
1279 2628
1279 2792
1279 2924
1279 3121
1279 3324
1279 3412
1284 1345
1284 2630
1297 92
1297 212
1297 417
1297 426
1297 466
1297 654
1297 813
1297 890
1297 910
1297 1020
1297 1139
1297 1248
1297 1269
1297 1416
1297 1462
1297 1471
1297 1497
1297 1614
1297 1773
1297 1862
1297 1925
1297 2082
1297 2085
1297 2112
1297 2408
1297 2490
1297 2702
1297 3195
1297 3279
1297 3289
1297 3356
1297 3433
1311 65
1311 670
1311 676
1311 849
1311 1150
1311 1299
1311 1732
1311 1734
1311 2134
1311 2193
1311 2244
1311 2471
1311 3385
1337 11
1337 38
1337 42
1337 46
1337 61
1337 66
1337 167
1337 179
1337 262
1337 263
1337 309
1337 346
1337 491
1337 530
1337 689
1337 748
1337 758
1337 782
1337 840
1337 894
1337 930
1337 933
1337 948
1337 962
1337 1029
1337 1154
1337 1189
1337 1192
1337 1204
1337 1223
1337 1254
1337 1268
1337 1280
1337 1300
1337 1321
1337 1345
1337 1347
1337 1349
1337 1394
1337 1482
1337 1515
1337 1541
1337 1564
1337 1578
1337 1580
1337 1591
1337 1595
1337 1602
1337 1646
1337 1665
1337 1703
1337 1738
1337 1767
1337 1781
1337 1788
1337 1815
1337 1877
1337 1881
1337 2037
1337 2090
1337 2150
1337 2194
1337 2228
1337 2250
1337 2337
1337 2507
1337 2551
1337 2568
1337 2579
1337 2611
1337 2637
1337 2650
1337 2669
1337 2693
1337 2785
1337 2803
1337 2807
1337 2818
1337 2855
1337 3028
1337 3095
1337 3107
1337 3116
1337 3183
1337 3202
1337 3336
1352 1463
1352 2015
1352 2449
1354 62
1354 620
1354 650
1354 1542
1354 1562
1354 1910
1354 2139
1354 2568
1354 2630
1354 3386
1376 1002
1376 1428
1376 2412
1376 2797
1377 1522
1377 2639
1377 2950
1379 36
1379 249
1379 344
1379 467
1379 549
1379 639
1379 731
1379 775
1379 796
1379 1041
1379 1047
1379 1205
1379 1355
1379 1451
1379 1466
1379 1616
1379 1627
1379 1664
1379 1700
1379 1719
1379 1740
1379 1765
1379 1856
1379 1890
1379 1938
1379 1966
1379 2020
1379 2075
1379 2077
1379 2276
1379 2361
1379 2381
1379 2392
1379 2410
1379 2413
1379 2414
1379 2441
1379 2473
1379 2522
1379 2529
1379 2568
1379 2598
1379 2642
1379 2668
1379 2673
1379 2697
1379 2704
1379 2754
1379 2797
1379 2852
1379 2894
1379 2905
1379 2953
1379 3073
1379 3122
1379 3299
1379 3330
1379 3347
1379 3352
1388 167
1388 309
1388 320
1388 491
1388 840
1388 1189
1388 1192
1388 1204
1388 1254
1388 1321
1388 1357
1388 1526
1388 1560
1388 1572
1388 1578
1388 1665
1388 1781
1388 1788
1388 2220
1388 2807
1388 3214
1388 3327
1388 3379
1407 68
1407 184
1407 383
1407 402
1407 407
1407 415
1407 447
1407 500
1407 524
1407 529
1407 591
1407 625
1407 640
1407 655
1407 781
1407 786
1407 815
1407 830
1407 863
1407 929
1407 947
1407 979
1407 1145
1407 1330
1407 1343
1407 1401
1407 1731
1407 1813
1407 1922
1407 1990
1407 2204
1407 2246
1407 2324
1407 2326
1407 2402
1407 2582
1407 2616
1407 2700
1407 2796
1407 2804
1407 2981
1407 3016
1407 3074
1407 3076
1407 3127
1407 3214
1407 3269
1407 3309
1407 3322
1407 3452
1433 466
1433 501
1433 1328
1433 1416
1433 1538
1433 1811
1433 2085
1433 2386
1433 2702
1438 848
1438 1115
1438 1125
1438 1500
1438 1796
1438 2615
1438 3277
1450 62
1450 94
1450 650
1450 1253
1450 1345
1450 2630
1452 1002
1460 25
1460 71
1460 104
1460 105
1460 230
1460 241
1460 329
1460 349
1460 355
1460 469
1460 526
1460 534
1460 545
1460 555
1460 582
1460 585
1460 587
1460 693
1460 747
1460 779
1460 805
1460 894
1460 963
1460 971
1460 977
1460 1032
1460 1057
1460 1087
1460 1115
1460 1118
1460 1131
1460 1177
1460 1180
1460 1217
1460 1283
1460 1319
1460 1323
1460 1327
1460 1341
1460 1363
1460 1369
1460 1388
1460 1439
1460 1600
1460 1625
1460 1632
1460 1687
1460 1698
1460 1758
1460 1783
1460 1831
1460 1931
1460 1952
1460 1960
1460 1962
1460 1969
1460 1975
1460 1977
1460 2152
1460 2257
1460 2348
1460 2409
1460 2430
1460 2442
1460 2443
1460 2493
1460 2501
1460 2540
1460 2544
1460 2550
1460 2633
1460 2674
1460 2705
1460 2724
1460 2742
1460 2769
1460 2778
1460 2824
1460 2844
1460 2986
1460 3002
1460 3060
1460 3129
1460 3153
1460 3176
1460 3192
1460 3233
1460 3257
1460 3346
1460 3458
1492 1574
1492 1764
1493 375
1493 631
1493 670
1493 862
1493 921
1493 1038
1493 1154
1493 2231
1493 2250
1493 2308
1493 2448
1493 2755
1493 2858
1493 2992
1493 3155
1493 3397
1499 9
1499 11
1499 12
1499 30
1499 38
1499 46
1499 66
1499 67
1499 72
1499 73
1499 76
1499 108
1499 139
1499 166
1499 167
1499 175
1499 183
1499 196
1499 203
1499 276
1499 290
1499 298
1499 307
1499 309
1499 310
1499 311
1499 314
1499 321
1499 340
1499 346
1499 348
1499 381
1499 386
1499 387
1499 397
1499 401
1499 425
1499 428
1499 437
1499 465
1499 474
1499 484
1499 491
1499 494
1499 497
1499 509
1499 520
1499 521
1499 533
1499 549
1499 600
1499 611
1499 627
1499 628
1499 636
1499 653
1499 655
1499 676
1499 679
1499 680
1499 690
1499 748
1499 752
1499 758
1499 780
1499 792
1499 799
1499 817
1499 824
1499 840
1499 844
1499 859
1499 870
1499 894
1499 902
1499 933
1499 962
1499 1004
1499 1022
1499 1024
1499 1083
1499 1085
1499 1092
1499 1093
1499 1128
1499 1152
1499 1160
1499 1192
1499 1195
1499 1201
1499 1204
1499 1212
1499 1221
1499 1226
1499 1232
1499 1254
1499 1268
1499 1276
1499 1281
1499 1282
1499 1285
1499 1298
1499 1321
1499 1325
1499 1343
1499 1347
1499 1349
1499 1374
1499 1380
1499 1388
1499 1390
1499 1397
1499 1407
1499 1414
1499 1443
1499 1454
1499 1469
1499 1496
1499 1501
1499 1521
1499 1541
1499 1542
1499 1544
1499 1546
1499 1549
1499 1551
1499 1558
1499 1564
1499 1578
1499 1583
1499 1597
1499 1599
1499 1616
1499 1619
1499 1630
1499 1639
1499 1646
1499 1663
1499 1668
1499 1699
1499 1700
1499 1706
1499 1713
1499 1723
1499 1724
1499 1733
1499 1738
1499 1743
1499 1753
1499 1756
1499 1760
1499 1781
1499 1786
1499 1788
1499 1801
1499 1806
1499 1823
1499 1850
1499 1863
1499 1891
1499 1971
1499 1987
1499 2033
1499 2074
1499 2080
1499 2089
1499 2104
1499 2108
1499 2111
1499 2112
1499 2113
1499 2118
1499 2119
1499 2123
1499 2135
1499 2140
1499 2148
1499 2160
1499 2184
1499 2185
1499 2198
1499 2272
1499 2285
1499 2294
1499 2300
1499 2336
1499 2346
1499 2350
1499 2385
1499 2403
1499 2415
1499 2417
1499 2421
1499 2428
1499 2439
1499 2440
1499 2446
1499 2450
1499 2451
1499 2460
1499 2469
1499 2481
1499 2516
1499 2519
1499 2537
1499 2545
1499 2561
1499 2575
1499 2614
1499 2620
1499 2649
1499 2650
1499 2693
1499 2698
1499 2703
1499 2707
1499 2727
1499 2729
1499 2764
1499 2803
1499 2807
1499 2808
1499 2812
1499 2816
1499 2823
1499 2850
1499 2875
1499 2894
1499 2917
1499 2942
1499 2969
1499 2971
1499 2994
1499 3001
1499 3021
1499 3023
1499 3025
1499 3029
1499 3040
1499 3067
1499 3072
1499 3095
1499 3100
1499 3107
1499 3112
1499 3120
1499 3121
1499 3127
1499 3139
1499 3141
1499 3177
1499 3179
1499 3213
1499 3217
1499 3220
1499 3229
1499 3242
1499 3254
1499 3262
1499 3264
1499 3266
1499 3317
1499 3318
1499 3320
1499 3330
1499 3357
1499 3384
1499 3385
1499 3427
1499 3437
1501 120
1501 220
1501 275
1501 356
1501 505
1501 608
1501 610
1501 678
1501 1035
1501 1244
1501 1548
1501 1887
1501 1904
1501 1937
1501 1959
1501 2003
1501 2064
1501 2072
1501 2162
1501 2535
1501 2546
1501 2603
1501 2647
1501 2825
1501 3037
1501 3159
1501 3281
1501 3368
1505 62
1505 94
1505 1019
1505 1199
1505 1376
1505 1542
1505 1552
1505 1689
1505 2051
1505 2228
1505 2620
1505 2633
1505 2979
1505 3017
1505 3178
1505 3180
1539 9
1539 31
1539 46
1539 92
1539 133
1539 139
1539 262
1539 280
1539 309
1539 331
1539 425
1539 428
1539 496
1539 689
1539 697
1539 706
1539 773
1539 829
1539 840
1539 933
1539 962
1539 1030
1539 1099
1539 1179
1539 1189
1539 1192
1539 1212
1539 1223
1539 1254
1539 1268
1539 1321
1539 1344
1539 1347
1539 1349
1539 1388
1539 1394
1539 1407
1539 1451
1539 1459
1539 1476
1539 1482
1539 1499
1539 1504
1539 1511
1539 1578
1539 1584
1539 1586
1539 1589
1539 1615
1539 1646
1539 1679
1539 1693
1539 1732
1539 1738
1539 1775
1539 1782
1539 1799
1539 1806
1539 1879
1539 1887
1539 1979
1539 2033
1539 2037
1539 2072
1539 2120
1539 2134
1539 2145
1539 2222
1539 2341
1539 2342
1539 2421
1539 2437
1539 2471
1539 2503
1539 2584
1539 2611
1539 2631
1539 2637
1539 2659
1539 2703
1539 2723
1539 2754
1539 2767
1539 2803
1539 2807
1539 2947
1539 2949
1539 2980
1539 3001
1539 3045
1539 3072
1539 3188
1539 3195
1539 3265
1539 3299
1539 3360
1539 3435
1544 1253
1544 2630
1562 1571
1575 2386
1575 2529
1598 1744
1601 620
1601 1542
1601 2139
1601 2568
1601 3386
1603 772
1603 2943
1603 3231
1653 59
1653 2863
1653 3180
1659 15
1659 26
1659 35
1659 37
1659 55
1659 62
1659 94
1659 101
1659 112
1659 118
1659 254
1659 269
1659 276
1659 278
1659 306
1659 321
1659 437
1659 494
1659 500
1659 501
1659 528
1659 544
1659 566
1659 603
1659 625
1659 631
1659 650
1659 679
1659 762
1659 781
1659 792
1659 871
1659 909
1659 914
1659 960
1659 992
1659 1013
1659 1045
1659 1048
1659 1049
1659 1061
1659 1099
1659 1123
1659 1124
1659 1178
1659 1197
1659 1216
1659 1221
1659 1240
1659 1243
1659 1273
1659 1279
1659 1307
1659 1411
1659 1519
1659 1534
1659 1553
1659 1582
1659 1671
1659 1679
1659 1715
1659 1774
1659 1790
1659 1861
1659 1870
1659 1874
1659 1936
1659 1956
1659 1961
1659 1964
1659 1978
1659 1979
1659 1984
1659 2128
1659 2199
1659 2213
1659 2221
1659 2259
1659 2304
1659 2310
1659 2398
1659 2427
1659 2511
1659 2541
1659 2547
1659 2590
1659 2630
1659 2631
1659 2664
1659 2677
1659 2678
1659 2687
1659 2721
1659 2751
1659 2810
1659 2816
1659 2829
1659 2846
1659 2907
1659 2924
1659 2966
1659 2975
1659 3000
1659 3003
1659 3061
1659 3065
1659 3100
1659 3115
1659 3146
1659 3187
1659 3193
1659 3233
1659 3284
1659 3363
1659 3370
1659 3406
1659 3412
1660 1169
1660 1304
1660 2019
1660 2051
1660 2912
1661 9
1661 19
1661 21
1661 36
1661 42
1661 155
1661 167
1661 197
1661 199
1661 209
1661 232
1661 298
1661 309
1661 316
1661 437
1661 483
1661 491
1661 521
1661 526
1661 627
1661 645
1661 702
1661 725
1661 750
1661 764
1661 785
1661 817
1661 863
1661 898
1661 933
1661 1041
1661 1091
1661 1130
1661 1141
1661 1145
1661 1275
1661 1298
1661 1325
1661 1340
1661 1367
1661 1421
1661 1482
1661 1508
1661 1515
1661 1530
1661 1563
1661 1639
1661 1652
1661 1725
1661 1743
1661 1806
1661 1809
1661 1854
1661 1897
1661 1901
1661 1980
1661 2037
1661 2043
1661 2135
1661 2170
1661 2202
1661 2214
1661 2300
1661 2312
1661 2324
1661 2351
1661 2389
1661 2391
1661 2437
1661 2495
1661 2499
1661 2534
1661 2553
1661 2561
1661 2586
1661 2612
1661 2633
1661 2640
1661 2668
1661 2692
1661 2703
1661 2713
1661 2716
1661 2808
1661 2844
1661 2884
1661 2891
1661 2979
1661 3030
1661 3052
1661 3073
1661 3120
1661 3189
1661 3264
1661 3321
1661 3393
1661 3448
1695 1345
1695 2568
1695 2689
1701 13
1701 26
1701 94
1701 303
1701 306
1701 321
1701 405
1701 560
1701 625
1701 710
1701 820
1701 838
1701 914
1701 992
1701 1013
1701 1046
1701 1063
1701 1087
1701 1111
1701 1174
1701 1198
1701 1283
1701 1429
1701 1480
1701 1493
1701 1542
1701 1755
1701 1968
1701 2049
1701 2139
1701 2151
1701 2186
1701 2353
1701 2357
1701 2509
1701 2590
1701 2611
1701 2696
1701 2836
1701 2853
1701 2876
1701 2937
1701 2965
1701 2975
1701 3078
1701 3126
1701 3148
1701 3169
1701 3316
1701 3363
1701 3378
1701 3386
1701 3392
1709 465
1727 254
1727 968
1727 1431
1727 3268
1735 62
1735 94
1735 512
1735 1253
1735 1345
1735 1542
1735 1987
1735 2630
1735 2673
1735 2692
1735 3386
1738 56
1738 531
1738 732
1738 892
1738 1069
1738 1490
1738 1599
1738 1806
1738 1921
1738 2162
1738 2281
1738 2739
1738 3244
1762 129
1762 165
1762 190
1762 207
1762 278
1762 279
1762 283
1762 313
1762 337
1762 344
1762 355
1762 382
1762 388
1762 391
1762 459
1762 467
1762 471
1762 520
1762 549
1762 613
1762 638
1762 665
1762 675
1762 763
1762 807
1762 874
1762 894
1762 911
1762 926
1762 931
1762 940
1762 1007
1762 1099
1762 1123
1762 1135
1762 1205
1762 1243
1762 1278
1762 1298
1762 1455
1762 1459
1762 1466
1762 1504
1762 1636
1762 1673
1762 1717
1762 1719
1762 1740
1762 1745
1762 1765
1762 1781
1762 1793
1762 1890
1762 1891
1762 1927
1762 1951
1762 1974
1762 1998
1762 2020
1762 2074
1762 2146
1762 2158
1762 2161
1762 2187
1762 2202
1762 2241
1762 2441
1762 2460
1762 2473
1762 2522
1762 2542
1762 2558
1762 2630
1762 2699
1762 2754
1762 2791
1762 2797
1762 2801
1762 2877
1762 2925
1762 2953
1762 3073
1762 3169
1762 3213
1762 3248
1762 3323
1762 3330
1762 3352
1762 3361
1762 3398
1762 3420
1762 3434
1762 3442
1777 39
1777 734
1777 742
1777 854
1777 1084
1777 1109
1777 1154
1777 1434
1777 1622
1777 1943
1777 2185
1777 2375
1777 2599
1777 2899
1777 2906
1777 2917
1777 3069
1777 3121
1777 3214
1777 3233
1781 28
1781 38
1781 46
1781 66
1781 133
1781 167
1781 202
1781 250
1781 262
1781 309
1781 346
1781 391
1781 428
1781 491
1781 524
1781 723
1781 748
1781 758
1781 816
1781 829
1781 840
1781 875
1781 894
1781 907
1781 933
1781 962
1781 1025
1781 1030
1781 1053
1781 1099
1781 1110
1781 1154
1781 1169
1781 1189
1781 1192
1781 1204
1781 1223
1781 1268
1781 1298
1781 1321
1781 1347
1781 1349
1781 1394
1781 1419
1781 1442
1781 1451
1781 1476
1781 1482
1781 1501
1781 1513
1781 1578
1781 1646
1781 1665
1781 1690
1781 1738
1781 1782
1781 1788
1781 1925
1781 2037
1781 2154
1781 2289
1781 2378
1781 2382
1781 2611
1781 2637
1781 2672
1781 2693
1781 2706
1781 2757
1781 2803
1781 2807
1781 2869
1781 2877
1781 3050
1781 3095
1781 3177
1781 3183
1781 3213
1781 3361
1781 3404
1781 3408
1787 434
1787 443
1787 495
1787 526
1787 615
1787 898
1787 1002
1787 1275
1787 1304
1787 1509
1787 1546
1787 1571
1787 1661
1787 1786
1787 1854
1787 1867
1787 1999
1787 2070
1787 2083
1787 2127
1787 2190
1787 2300
1787 2347
1787 2391
1787 2771
1787 2828
1787 2851
1787 3033
1787 3063
1787 3151
1787 3370
1787 3406
1787 3446
1787 3449
1806 892
1806 1069
1806 1490
1806 1599
1806 2281
1822 62
1822 512
1822 573
1822 639
1822 640
1822 929
1822 948
1822 1253
1822 1345
1822 1542
1822 1562
1822 1987
1822 2568
1822 2630
1822 3074
1822 3218
1864 573
1864 948
1864 3133
1864 3386
1868 42
1868 105
1868 191
1868 243
1868 305
1868 367
1868 390
1868 402
1868 447
1868 465
1868 856
1868 872
1868 972
1868 1074
1868 1107
1868 1167
1868 1193
1868 1254
1868 1336
1868 1370
1868 1373
1868 1541
1868 1552
1868 1561
1868 1607
1868 1628
1868 1663
1868 1668
1868 1697
1868 1703
1868 1705
1868 1767
1868 1769
1868 1815
1868 1841
1868 1850
1868 1919
1868 1973
1868 1989
1868 2033
1868 2048
1868 2073
1868 2102
1868 2104
1868 2194
1868 2204
1868 2222
1868 2256
1868 2258
1868 2285
1868 2337
1868 2456
1868 2485
1868 2488
1868 2503
1868 2551
1868 2611
1868 2612
1868 2662
1868 2727
1868 2773
1868 2823
1868 2983
1868 3032
1868 3091
1868 3097
1868 3127
1868 3175
1868 3202
1868 3207
1868 3287
1868 3376
1868 3385
1868 3402
1876 113
1876 321
1876 506
1876 639
1876 783
1876 1045
1876 1172
1876 1274
1876 1338
1876 1616
1876 1666
1876 1669
1876 2249
1876 2314
1876 2381
1876 2441
1876 2609
1876 2673
1876 3065
1876 3349
1876 3352
1876 3401
1876 3442
1883 1490
1883 2051
1883 3293
1892 466
1892 501
1892 1328
1892 1416
1892 2085
1892 2702
1904 2965
1908 21
1908 69
1908 84
1908 270
1908 411
1908 651
1908 917
1908 945
1908 1126
1908 1294
1908 1507
1908 1564
1908 1596
1908 1730
1908 2016
1908 2085
1908 2392
1908 2635
1908 2688
1908 2760
1908 3002
1908 3135
1908 3192
1908 3222
1908 3453
1930 1345
1930 2863
1930 3180
1939 2792
1940 435
1940 891
1940 995
1940 1186
1940 1334
1940 1686
1940 1813
1940 2079
1940 2648
1940 2853
1940 2864
1940 2908
1940 3018
1940 3074
1940 3212
1950 204
1950 421
1950 1574
1950 1764
1950 2666
1967 63
1967 71
1967 77
1967 88
1967 95
1967 97
1967 115
1967 118
1967 129
1967 150
1967 178
1967 179
1967 181
1967 190
1967 203
1967 245
1967 246
1967 290
1967 310
1967 345
1967 362
1967 379
1967 397
1967 431
1967 438
1967 441
1967 481
1967 548
1967 595
1967 598
1967 606
1967 629
1967 660
1967 705
1967 740
1967 782
1967 799
1967 822
1967 841
1967 853
1967 870
1967 904
1967 916
1967 937
1967 978
1967 995
1967 1068
1967 1072
1967 1143
1967 1184
1967 1194
1967 1202
1967 1291
1967 1296
1967 1306
1967 1316
1967 1342
1967 1343
1967 1395
1967 1408
1967 1437
1967 1456
1967 1503
1967 1558
1967 1600
1967 1668
1967 1670
1967 1675
1967 1697
1967 1704
1967 1726
1967 1738
1967 1751
1967 1759
1967 1771
1967 1780
1967 1786
1967 1819
1967 1827
1967 1869
1967 1874
1967 1892
1967 1948
1967 1954
1967 1959
1967 1992
1967 2010
1967 2016
1967 2028
1967 2029
1967 2034
1967 2052
1967 2057
1967 2085
1967 2094
1967 2122
1967 2142
1967 2172
1967 2274
1967 2300
1967 2303
1967 2320
1967 2333
1967 2375
1967 2392
1967 2422
1967 2470
1967 2488
1967 2533
1967 2573
1967 2587
1967 2644
1967 2649
1967 2651
1967 2662
1967 2672
1967 2720
1967 2740
1967 2743
1967 2793
1967 2855
1967 2879
1967 2921
1967 2941
1967 2942
1967 2956
1967 2976
1967 3020
1967 3058
1967 3109
1967 3127
1967 3217
1967 3227
1967 3237
1967 3253
1967 3293
1967 3303
1967 3308
1967 3345
1967 3372
1967 3398
1967 3410
1967 3428
1980 11
1980 89
1980 360
1980 491
1980 624
1980 668
1980 691
1980 840
1980 894
1980 931
1980 1192
1980 1470
1980 1526
1980 1639
1980 1767
1980 1798
1980 1947
1980 2015
1980 2200
1980 2206
1980 2270
1980 2629
1980 2690
1980 2715
1980 2730
1980 2782
1980 2803
1980 2911
1980 2916
1980 3154
1980 3158
1980 3233
1980 3344
1980 3354
1982 30
1982 46
1982 66
1982 94
1982 128
1982 139
1982 184
1982 191
1982 288
1982 387
1982 401
1982 402
1982 447
1982 459
1982 462
1982 517
1982 564
1982 577
1982 655
1982 679
1982 691
1982 695
1982 709
1982 758
1982 846
1982 852
1982 856
1982 862
1982 863
1982 869
1982 871
1982 872
1982 891
1982 958
1982 980
1982 983
1982 1074
1982 1095
1982 1135
1982 1234
1982 1256
1982 1280
1982 1322
1982 1342
1982 1343
1982 1373
1982 1402
1982 1453
1982 1484
1982 1534
1982 1566
1982 1574
1982 1586
1982 1605
1982 1638
1982 1643
1982 1655
1982 1668
1982 1681
1982 1703
1982 1764
1982 1774
1982 1799
1982 1886
1982 2033
1982 2071
1982 2078
1982 2093
1982 2095
1982 2096
1982 2102
1982 2104
1982 2107
1982 2129
1982 2169
1982 2204
1982 2216
1982 2222
1982 2225
1982 2285
1982 2301
1982 2362
1982 2459
1982 2503
1982 2551
1982 2581
1982 2614
1982 2727
1982 2770
1982 2809
1982 2810
1982 2815
1982 2823
1982 2939
1982 2945
1982 3081
1982 3105
1982 3112
1982 3127
1982 3137
1982 3143
1982 3160
1982 3231
1982 3238
1982 3293
1982 3315
1982 3318
1982 3323
1982 3376
1982 3389
1982 3402
1982 3455
1985 41
1985 92
1985 316
1985 615
1985 644
1985 649
1985 882
1985 1002
1985 1005
1985 1214
1985 1646
1985 1702
1985 2150
1985 2237
1985 2368
1985 2480
1985 2568
1985 2666
1985 2689
1985 2771
1985 2792
1985 2807
1985 2965
1985 3098
1985 3167
1985 3371
2006 1183
2030 948
2030 1345
2030 3386
2035 14
2035 241
2035 293
2035 821
2035 893
2035 1118
2035 1872
2035 2081
2035 2188
2035 2981
2035 3071
2035 3149
2035 3170
2047 13
2047 34
2047 50
2047 125
2047 244
2047 382
2047 436
2047 456
2047 464
2047 490
2047 495
2047 512
2047 540
2047 550
2047 561
2047 665
2047 715
2047 818
2047 832
2047 960
2047 986
2047 1134
2047 1210
2047 1238
2047 1242
2047 1247
2047 1277
2047 1413
2047 1464
2047 1485
2047 1493
2047 1509
2047 1512
2047 1520
2047 1550
2047 1568
2047 1670
2047 1680
2047 1714
2047 1792
2047 1927
2047 1987
2047 2139
2047 2187
2047 2209
2047 2276
2047 2316
2047 2357
2047 2428
2047 2471
2047 2480
2047 2509
2047 2541
2047 2551
2047 2557
2047 2590
2047 2636
2047 2643
2047 2707
2047 2726
2047 2758
2047 2839
2047 2924
2047 2939
2047 3059
2047 3131
2047 3169
2047 3221
2047 3331
2047 3386
2047 3430
2048 35
2048 1124
2048 1542
2048 1578
2048 2037
2048 2721
2048 3105
2048 3343
2055 2792
2061 30
2061 31
2061 669
2061 777
2061 1154
2061 1434
2061 1574
2061 1612
2061 1622
2061 1647
2061 1665
2061 1764
2061 1891
2061 2020
2061 2074
2061 2194
2061 2275
2061 2660
2061 2723
2061 2917
2061 2999
2061 3091
2061 3108
2061 3188
2061 3214
2062 380
2062 1541
2062 1612
2062 1665
2062 1786
2062 2127
2062 2382
2062 2622
2062 2875
2100 261
2107 1214
2114 33
2114 46
2114 66
2114 138
2114 229
2114 256
2114 346
2114 411
2114 689
2114 706
2114 731
2114 741
2114 796
2114 880
2114 948
2114 964
2114 1037
2114 1043
2114 1047
2114 1130
2114 1138
2114 1154
2114 1177
2114 1262
2114 1345
2114 1346
2114 1407
2114 1616
2114 1638
2114 1646
2114 1721
2114 1770
2114 2065
2114 2119
2114 2140
2114 2189
2114 2432
2114 2568
2114 2576
2114 2602
2114 2722
2114 2755
2114 2807
2114 2965
2114 3113
2114 3147
2114 3154
2114 3271
2124 1019
2124 1345
2124 1542
2124 1840
2124 2630
2131 62
2131 861
2131 1253
2131 2037
2131 2630
2149 52
2149 70
2149 79
2149 140
2149 166
2149 228
2149 229
2149 234
2149 249
2149 251
2149 270
2149 368
2149 398
2149 427
2149 429
2149 485
2149 513
2149 515
2149 558
2149 587
2149 622
2149 643
2149 661
2149 668
2149 726
2149 776
2149 793
2149 842
2149 865
2149 896
2149 908
2149 909
2149 938
2149 948
2149 977
2149 992
2149 1072
2149 1081
2149 1177
2149 1179
2149 1230
2149 1244
2149 1247
2149 1250
2149 1257
2149 1258
2149 1288
2149 1329
2149 1342
2149 1345
2149 1360
2149 1411
2149 1417
2149 1428
2149 1432
2149 1436
2149 1465
2149 1487
2149 1526
2149 1548
2149 1550
2149 1587
2149 1621
2149 1644
2149 1678
2149 1706
2149 1737
2149 1741
2149 1755
2149 1757
2149 1769
2149 1795
2149 1797
2149 1812
2149 1821
2149 1837
2149 1906
2149 1924
2149 1981
2149 1997
2149 2008
2149 2046
2149 2049
2149 2055
2149 2060
2149 2068
2149 2084
2149 2091
2149 2093
2149 2103
2149 2106
2149 2108
2149 2109
2149 2163
2149 2180
2149 2228
2149 2232
2149 2277
2149 2279
2149 2286
2149 2291
2149 2296
2149 2314
2149 2352
2149 2367
2149 2382
2149 2416
2149 2425
2149 2517
2149 2521
2149 2607
2149 2608
2149 2641
2149 2649
2149 2676
2149 2682
2149 2692
2149 2738
2149 2743
2149 2753
2149 2826
2149 2842
2149 2849
2149 2861
2149 2865
2149 2904
2149 2924
2149 2946
2149 2960
2149 3006
2149 3009
2149 3031
2149 3035
2149 3046
2149 3058
2149 3070
2149 3080
2149 3172
2149 3186
2149 3200
2149 3207
2149 3218
2149 3230
2149 3260
2149 3274
2149 3324
2149 3332
2149 3354
2149 3359
2149 3387
2149 3395
2149 3399
2149 3413
2149 3417
2149 3421
2164 821
2164 893
2164 975
2164 1872
2164 2081
2164 2188
2164 3071
2164 3149
2164 3170
2168 2
2168 76
2168 139
2168 204
2168 297
2168 316
2168 421
2168 579
2168 617
2168 784
2168 1028
2168 1185
2168 1526
2168 1626
2168 1764
2168 1767
2168 2127
2168 2309
2168 2480
2168 2666
2168 2838
2168 2994
2168 3024
2168 3102
2175 295
2175 419
2175 530
2175 771
2175 849
2175 1042
2175 1080
2175 1154
2175 1337
2175 1490
2175 1583
2175 1738
2175 1868
2175 1910
2175 2014
2175 2281
2175 2524
2175 2650
2175 2739
2175 2934
2175 3054
2178 357
2178 436
2178 932
2178 948
2178 1210
2178 1230
2178 1345
2178 1407
2178 1542
2178 1615
2178 1711
2178 1791
2178 1840
2178 2051
2178 2119
2178 2139
2178 2357
2178 2464
2178 2568
2178 3074
2178 3147
2178 3293
2178 3386
2193 16
2193 213
2193 260
2193 444
2193 640
2193 922
2193 1002
2193 1317
2193 1536
2193 1738
2193 1813
2193 1832
2193 2037
2193 2420
2193 2464
2193 2908
2193 2954
2193 3074
2193 3077
2193 3302
2201 2
2201 5
2201 8
2201 28
2201 30
2201 38
2201 40
2201 44
2201 50
2201 57
2201 71
2201 75
2201 87
2201 90
2201 91
2201 99
2201 100
2201 103
2201 106
2201 129
2201 135
2201 136
2201 150
2201 167
2201 171
2201 172
2201 189
2201 192
2201 201
2201 203
2201 222
2201 231
2201 236
2201 253
2201 266
2201 268
2201 273
2201 284
2201 290
2201 297
2201 298
2201 300
2201 319
2201 323
2201 336
2201 338
2201 342
2201 347
2201 376
2201 377
2201 387
2201 396
2201 410
2201 422
2201 424
2201 435
2201 454
2201 476
2201 484
2201 490
2201 507
2201 551
2201 556
2201 601
2201 605
2201 611
2201 637
2201 639
2201 652
2201 663
2201 669
2201 671
2201 682
2201 685
2201 686
2201 690
2201 701
2201 703
2201 730
2201 742
2201 754
2201 798
2201 799
2201 849
2201 855
2201 857
2201 863
2201 866
2201 867
2201 868
2201 878
2201 900
2201 902
2201 913
2201 920
2201 953
2201 968
2201 980
2201 982
2201 993
2201 999
2201 1016
2201 1027
2201 1058
2201 1078
2201 1083
2201 1084
2201 1106
2201 1109
2201 1132
2201 1143
2201 1145
2201 1148
2201 1162
2201 1171
2201 1179
2201 1194
2201 1207
2201 1209
2201 1218
2201 1224
2201 1225
2201 1232
2201 1260
2201 1267
2201 1271
2201 1280
2201 1281
2201 1303
2201 1312
2201 1343
2201 1357
2201 1360
2201 1376
2201 1390
2201 1396
2201 1404
2201 1410
2201 1420
2201 1432
2201 1441
2201 1451
2201 1472
2201 1517
2201 1522
2201 1525
2201 1538
2201 1539
2201 1572
2201 1600
2201 1609
2201 1621
2201 1628
2201 1668
2201 1707
2201 1710
2201 1714
2201 1731
2201 1740
2201 1748
2201 1753
2201 1760
2201 1767
2201 1782
2201 1784
2201 1786
2201 1789
2201 1792
2201 1800
2201 1810
2201 1825
2201 1831
2201 1871
2201 1893
2201 1894
2201 1903
2201 1911
2201 1913
2201 1914
2201 1929
2201 1942
2201 1943
2201 1976
2201 1994
2201 2005
2201 2022
2201 2029
2201 2036
2201 2039
2201 2047
2201 2053
2201 2054
2201 2060
2201 2068
2201 2069
2201 2104
2201 2107
2201 2110
2201 2137
2201 2143
2201 2165
2201 2174
2201 2181
2201 2182
2201 2185
2201 2195
2201 2211
2201 2227
2201 2230
2201 2231
2201 2242
2201 2256
2201 2260
2201 2275
2201 2278
2201 2285
2201 2288
2201 2297
2201 2302
2201 2311
2201 2322
2201 2330
2201 2344
2201 2351
2201 2352
2201 2367
2201 2392
2201 2403
2201 2427
2201 2446
2201 2453
2201 2456
2201 2481
2201 2486
2201 2499
2201 2506
2201 2510
2201 2520
2201 2528
2201 2529
2201 2534
2201 2563
2201 2564
2201 2593
2201 2599
2201 2617
2201 2649
2201 2656
2201 2671
2201 2691
2201 2693
2201 2719
2201 2728
2201 2758
2201 2779
2201 2782
2201 2786
2201 2787
2201 2794
2201 2815
2201 2823
2201 2853
2201 2856
2201 2858
2201 2867
2201 2872
2201 2885
2201 2889
2201 2898
2201 2906
2201 2917
2201 2921
2201 2936
2201 2963
2201 2964
2201 2969
2201 2973
2201 2974
2201 2986
2201 2993
2201 3008
2201 3015
2201 3026
2201 3027
2201 3061
2201 3087
2201 3089
2201 3090
2201 3101
2201 3112
2201 3121
2201 3127
2201 3164
2201 3214
2201 3226
2201 3229
2201 3233
2201 3236
2201 3252
2201 3261
2201 3278
2201 3280
2201 3283
2201 3294
2201 3311
2201 3318
2201 3319
2201 3334
2201 3345
2201 3346
2201 3382
2201 3398
2201 3409
2201 3418
2201 3422
2201 3444
2205 2040
2205 2234
2205 2394
2205 3068
2212 1
2212 12
2212 32
2212 36
2212 45
2212 73
2212 81
2212 82
2212 83
2212 111
2212 128
2212 156
2212 180
2212 191
2212 203
2212 217
2212 237
2212 263
2212 267
2212 282
2212 288
2212 290
2212 291
2212 298
2212 318
2212 321
2212 329
2212 375
2212 387
2212 393
2212 402
2212 442
2212 455
2212 471
2212 557
2212 564
2212 569
2212 587
2212 590
2212 619
2212 625
2212 631
2212 640
2212 655
2212 672
2212 676
2212 690
2212 737
2212 741
2212 745
2212 772
2212 799
2212 806
2212 807
2212 815
2212 819
2212 847
2212 852
2212 862
2212 863
2212 870
2212 888
2212 897
2212 924
2212 929
2212 958
2212 994
2212 1015
2212 1023
2212 1045
2212 1048
2212 1052
2212 1065
2212 1073
2212 1085
2212 1104
2212 1120
2212 1145
2212 1196
2212 1239
2212 1274
2212 1296
2212 1331
2212 1333
2212 1339
2212 1343
2212 1351
2212 1369
2212 1383
2212 1389
2212 1406
2212 1432
2212 1464
2212 1484
2212 1490
2212 1511
2212 1538
2212 1545
2212 1569
2212 1586
2212 1621
2212 1662
2212 1668
2212 1681
2212 1691
2212 1713
2212 1722
2212 1723
2212 1753
2212 1777
2212 1786
2212 1794
2212 1799
2212 1813
2212 1821
2212 1836
2212 1873
2212 1880
2212 1891
2212 1898
2212 1902
2212 1932
2212 1963
2212 2002
2212 2033
2212 2050
2212 2065
2212 2074
2212 2093
2212 2095
2212 2104
2212 2115
2212 2120
2212 2121
2212 2132
2212 2146
2212 2157
2212 2174
2212 2177
2212 2184
2212 2200
2212 2222
2212 2224
2212 2263
2212 2285
2212 2317
2212 2321
2212 2328
2212 2334
2212 2366
2212 2385
2212 2392
2212 2393
2212 2421
2212 2422
2212 2429
2212 2448
2212 2494
2212 2503
2212 2510
2212 2514
2212 2529
2212 2562
2212 2583
2212 2587
2212 2594
2212 2614
2212 2619
2212 2649
2212 2669
2212 2695
2212 2712
2212 2727
2212 2745
2212 2763
2212 2799
2212 2823
2212 2910
2212 2931
2212 2941
2212 2942
2212 2943
2212 2968
2212 3030
2212 3053
2212 3074
2212 3081
2212 3090
2212 3093
2212 3096
2212 3110
2212 3112
2212 3127
2212 3155
2212 3166
2212 3185
2212 3204
2212 3216
2212 3220
2212 3251
2212 3264
2212 3265
2212 3318
2212 3336
2212 3369
2212 3379
2212 3389
2212 3400
2212 3402
2212 3412
2212 3423
2212 3426
2212 3427
2212 3436
2212 3443
2212 3447
2227 324
2227 508
2227 1376
2227 1542
2227 2525
2227 2692
2227 2792
2227 2863
2227 2979
2227 3042
2227 3180
2230 2630
2233 39
2233 669
2233 742
2233 767
2233 1647
2233 1834
2233 2275
2233 2375
2233 2723
2233 2917
2233 3214
2233 3233
2238 130
2238 232
2238 414
2238 991
2238 1246
2238 1384
2238 2390
2238 2930
2238 3219
2245 1019
2245 1542
2245 1840
2245 2630
2249 212
2249 221
2249 537
2249 784
2249 1028
2249 1965
2249 2127
2249 2387
2251 733
2251 1345
2251 2692
2287 133
2287 190
2287 191
2287 195
2287 250
2287 257
2287 316
2287 382
2287 416
2287 423
2287 497
2287 509
2287 542
2287 559
2287 584
2287 585
2287 665
2287 727
2287 856
2287 894
2287 911
2287 921
2287 950
2287 977
2287 1094
2287 1169
2287 1257
2287 1272
2287 1280
2287 1485
2287 1541
2287 1693
2287 1694
2287 1725
2287 1748
2287 1784
2287 1793
2287 1841
2287 1927
2287 1946
2287 1958
2287 1967
2287 1974
2287 1976
2287 2007
2287 2037
2287 2088
2287 2122
2287 2127
2287 2158
2287 2187
2287 2294
2287 2360
2287 2518
2287 2575
2287 2679
2287 2684
2287 2699
2287 2712
2287 2725
2287 2778
2287 2819
2287 2871
2287 2875
2287 2947
2287 2973
2287 2979
2287 3002
2287 3060
2287 3088
2287 3129
2287 3139
2287 3192
2287 3248
2287 3257
2287 3346
2287 3393
2287 3404
2287 3405
2287 3435
2289 212
2289 296
2289 309
2289 491
2289 537
2289 784
2289 933
2289 1028
2289 1042
2289 1160
2289 1189
2289 1499
2289 1500
2289 1628
2289 1707
2289 1767
2289 2012
2289 2460
2289 2672
2289 2712
2289 2723
2289 3024
2289 3190
2289 3277
2297 135
2297 186
2297 1132
2297 1470
2297 1524
2297 1623
2297 1710
2297 1749
2297 1969
2297 2302
2297 3149
2297 3311
2307 62
2307 323
2307 331
2307 501
2307 532
2307 1124
2307 1250
2307 1580
2307 1901
2307 2185
2307 2319
2307 2479
2307 2721
2307 2751
2307 2810
2307 3006
2307 3115
2337 1281
2337 1360
2337 2037
2337 2568
2349 217
2349 262
2349 594
2349 721
2349 731
2349 826
2349 1228
2349 1424
2349 1468
2349 1523
2349 1683
2349 1715
2349 1746
2349 1837
2349 1961
2349 2051
2349 2100
2349 2150
2349 2178
2349 2284
2349 2290
2349 2605
2349 2694
2349 2759
2349 2919
2349 3008
2349 3136
2349 3255
2349 3343
2355 19
2355 85
2355 93
2355 105
2355 131
2355 146
2355 191
2355 193
2355 224
2355 246
2355 265
2355 272
2355 284
2355 316
2355 324
2355 337
2355 373
2355 382
2355 394
2355 403
2355 408
2355 409
2355 438
2355 447
2355 561
2355 582
2355 592
2355 606
2355 665
2355 667
2355 683
2355 712
2355 735
2355 856
2355 876
2355 911
2355 926
2355 930
2355 942
2355 1019
2355 1119
2355 1141
2355 1153
2355 1155
2355 1160
2355 1192
2355 1233
2355 1254
2355 1258
2355 1267
2355 1272
2355 1280
2355 1312
2355 1325
2355 1340
2355 1376
2355 1415
2355 1424
2355 1433
2355 1451
2355 1479
2355 1481
2355 1488
2355 1495
2355 1521
2355 1538
2355 1552
2355 1594
2355 1614
2355 1625
2355 1631
2355 1689
2355 1716
2355 1760
2355 1859
2355 1875
2355 1892
2355 1912
2355 1918
2355 1927
2355 1929
2355 1957
2355 1960
2355 1967
2355 2011
2355 2023
2355 2136
2355 2161
2355 2174
2355 2187
2355 2201
2355 2203
2355 2204
2355 2237
2355 2297
2355 2305
2355 2313
2355 2331
2355 2351
2355 2382
2355 2386
2355 2391
2355 2396
2355 2420
2355 2444
2355 2495
2355 2499
2355 2544
2355 2620
2355 2632
2355 2633
2355 2646
2355 2683
2355 2699
2355 2731
2355 2732
2355 2756
2355 2779
2355 2844
2355 2873
2355 2875
2355 2947
2355 2957
2355 2979
2355 2988
2355 2989
2355 2995
2355 3055
2355 3088
2355 3094
2355 3125
2355 3129
2355 3178
2355 3180
2355 3288
2355 3343
2355 3364
2355 3388
2355 3393
2355 3415
2356 53
2356 183
2356 185
2356 344
2356 383
2356 472
2356 550
2356 785
2356 813
2356 830
2356 871
2356 912
2356 959
2356 971
2356 979
2356 1079
2356 1117
2356 1149
2356 1371
2356 1462
2356 1496
2356 1503
2356 1582
2356 1648
2356 1694
2356 1731
2356 1794
2356 1812
2356 1884
2356 1963
2356 1972
2356 1984
2356 1990
2356 2017
2356 2065
2356 2314
2356 2326
2356 2458
2356 2700
2356 2788
2356 2803
2356 2880
2356 2906
2356 2965
2356 2987
2356 3182
2356 3186
2356 3341
2356 3344
2375 711
2375 1813
2375 2464
2375 3074
2375 3293
2389 380
2389 473
2389 482
2389 941
2389 1042
2389 1524
2389 1665
2389 1749
2389 1852
2389 2171
2389 2250
2389 2622
2403 200
2403 210
2403 1472
2403 1665
2403 1789
2403 2173
2403 2908
2424 2037
2475 506
2475 1045
2475 3349
2489 92
2489 100
2489 212
2489 417
2489 466
2489 654
2489 890
2489 910
2489 996
2489 1020
2489 1139
2489 1248
2489 1269
2489 1297
2489 1416
2489 1462
2489 1471
2489 1497
2489 1516
2489 1614
2489 1773
2489 1833
2489 1844
2489 1862
2489 1925
2489 1965
2489 2082
2489 2085
2489 2112
2489 2336
2489 2408
2489 2563
2489 2702
2489 2789
2489 2967
2489 3195
2489 3279
2489 3289
2489 3356
2489 3433
2504 30
2504 430
2504 813
2504 861
2504 1100
2504 1136
2504 1444
2504 1526
2504 1611
2504 1764
2504 2185
2504 2435
2504 2843
2504 2878
2504 3036
2504 3113
2504 3225
2504 3232
2506 27
2506 84
2506 254
2506 270
2506 405
2506 432
2506 440
2506 486
2506 1786
2506 2127
2506 2656
2506 2657
2506 2835
2506 3286
2512 629
2512 694
2512 985
2512 1034
2512 1715
2512 1729
2512 2526
2512 3191
2514 30
2514 669
2514 2275
2514 2639
2514 2950
2514 3402
2525 10
2525 105
2525 131
2525 316
2525 324
2525 334
2525 382
2525 394
2525 421
2525 467
2525 574
2525 597
2525 630
2525 665
2525 683
2525 735
2525 794
2525 894
2525 898
2525 899
2525 1019
2525 1077
2525 1126
2525 1127
2525 1141
2525 1160
2525 1189
2525 1192
2525 1198
2525 1205
2525 1254
2525 1257
2525 1272
2525 1280
2525 1322
2525 1340
2525 1386
2525 1482
2525 1488
2525 1495
2525 1499
2525 1529
2525 1538
2525 1574
2525 1594
2525 1625
2525 1631
2525 1760
2525 1793
2525 1859
2525 1929
2525 1957
2525 1960
2525 1967
2525 1985
2525 2011
2525 2012
2525 2041
2525 2063
2525 2070
2525 2174
2525 2194
2525 2201
2525 2287
2525 2297
2525 2391
2525 2396
2525 2420
2525 2437
2525 2633
2525 2640
2525 2712
2525 2760
2525 2979
2525 2989
2525 2995
2525 3062
2525 3088
2525 3091
2525 3094
2525 3106
2525 3107
2525 3129
2525 3245
2525 3343
2525 3388
2525 3393
2525 3397
2525 3415
2525 3436
2525 3448
2534 9
2534 31
2534 98
2534 139
2534 167
2534 309
2534 491
2534 513
2534 521
2534 706
2534 795
2534 840
2534 1179
2534 1189
2534 1192
2534 1204
2534 1379
2534 1451
2534 1482
2534 1499
2534 1578
2534 1611
2534 1615
2534 1782
2534 1985
2534 2351
2534 2480
2534 2803
2534 2897
2534 3107
2534 3140
2534 3188
2534 3379
2573 62
2573 94
2573 1253
2573 1659
2573 2630
2588 3386
2607 2854
2609 2295
2609 2576
2620 706
2620 2016
2620 2085
2620 2778
2623 944
2623 1847
2623 2232
2623 2517
2637 3318
2670 30
2670 191
2670 241
2670 473
2670 621
2670 1036
2670 1118
2670 1541
2670 1665
2670 1703
2670 2250
2670 2280
2670 2325
2670 2337
2670 2382
2670 2453
2670 2507
2670 2714
2670 2785
2670 2917
2670 3080
2701 40
2701 69
2701 77
2701 84
2701 85
2701 132
2701 143
2701 152
2701 157
2701 170
2701 174
2701 203
2701 208
2701 270
2701 276
2701 286
2701 292
2701 301
2701 333
2701 343
2701 358
2701 362
2701 374
2701 376
2701 384
2701 399
2701 424
2701 464
2701 478
2701 480
2701 493
2701 526
2701 596
2701 599
2701 600
2701 618
2701 640
2701 656
2701 682
2701 700
2701 707
2701 720
2701 727
2701 796
2701 801
2701 808
2701 809
2701 812
2701 833
2701 837
2701 843
2701 853
2701 857
2701 860
2701 900
2701 904
2701 928
2701 929
2701 952
2701 954
2701 956
2701 966
2701 978
2701 988
2701 1002
2701 1012
2701 1015
2701 1051
2701 1057
2701 1071
2701 1075
2701 1088
2701 1097
2701 1111
2701 1116
2701 1132
2701 1163
2701 1172
2701 1173
2701 1175
2701 1180
2701 1203
2701 1211
2701 1222
2701 1239
2701 1240
2701 1241
2701 1249
2701 1255
2701 1266
2701 1274
2701 1286
2701 1292
2701 1296
2701 1356
2701 1363
2701 1366
2701 1380
2701 1421
2701 1435
2701 1437
2701 1440
2701 1450
2701 1451
2701 1474
2701 1486
2701 1500
2701 1505
2701 1512
2701 1549
2701 1553
2701 1567
2701 1591
2701 1595
2701 1618
2701 1620
2701 1628
2701 1661
2701 1662
2701 1665
2701 1680
2701 1697
2701 1725
2701 1737
2701 1741
2701 1756
2701 1764
2701 1767
2701 1782
2701 1785
2701 1841
2701 1845
2701 1846
2701 1854
2701 1889
2701 1899
2701 1916
2701 1920
2701 1923
2701 1936
2701 1957
2701 1964
2701 1969
2701 1977
2701 1993
2701 2065
2701 2067
2701 2079
2701 2091
2701 2092
2701 2125
2701 2128
2701 2132
2701 2134
2701 2166
2701 2215
2701 2223
2701 2226
2701 2266
2701 2277
2701 2302
2701 2313
2701 2328
2701 2334
2701 2419
2701 2422
2701 2426
2701 2431
2701 2445
2701 2466
2701 2467
2701 2492
2701 2495
2701 2499
2701 2525
2701 2543
2701 2559
2701 2566
2701 2587
2701 2601
2701 2624
2701 2629
2701 2637
2701 2652
2701 2656
2701 2658
2701 2661
2701 2679
2701 2711
2701 2712
2701 2713
2701 2725
2701 2736
2701 2738
2701 2740
2701 2766
2701 2779
2701 2806
2701 2813
2701 2816
2701 2819
2701 2826
2701 2829
2701 2833
2701 2859
2701 2868
2701 2872
2701 2877
2701 2882
2701 2893
2701 2902
2701 2903
2701 2909
2701 2915
2701 2918
2701 2925
2701 2935
2701 2941
2701 2949
2701 2954
2701 2966
2701 2988
2701 2994
2701 3013
2701 3018
2701 3026
2701 3040
2701 3073
2701 3080
2701 3086
2701 3100
2701 3146
2701 3149
2701 3227
2701 3247
2701 3263
2701 3270
2701 3277
2701 3295
2701 3338
2701 3349
2701 3353
2701 3373
2701 3382
2701 3405
2701 3419
2701 3445
2701 3446
2703 4
2703 6
2703 12
2703 22
2703 34
2703 90
2703 120
2703 129
2703 138
2703 148
2703 151
2703 162
2703 171
2703 175
2703 176
2703 190
2703 198
2703 203
2703 216
2703 219
2703 224
2703 248
2703 290
2703 298
2703 332
2703 342
2703 387
2703 394
2703 420
2703 461
2703 477
2703 484
2703 518
2703 547
2703 563
2703 565
2703 573
2703 626
2703 664
2703 676
2703 681
2703 690
2703 719
2703 721
2703 727
2703 751
2703 765
2703 784
2703 795
2703 797
2703 799
2703 801
2703 804
2703 805
2703 811
2703 870
2703 871
2703 896
2703 899
2703 936
2703 941
2703 955
2703 958
2703 986
2703 987
2703 1017
2703 1028
2703 1031
2703 1044
2703 1059
2703 1076
2703 1081
2703 1085
2703 1088
2703 1158
2703 1161
2703 1164
2703 1176
2703 1195
2703 1196
2703 1229
2703 1251
2703 1271
2703 1287
2703 1291
2703 1295
2703 1343
2703 1358
2703 1368
2703 1423
2703 1426
2703 1454
2703 1463
2703 1467
2703 1500
2703 1510
2703 1519
2703 1524
2703 1542
2703 1546
2703 1549
2703 1555
2703 1593
2703 1605
2703 1610
2703 1629
2703 1631
2703 1633
2703 1660
2703 1668
2703 1683
2703 1696
2703 1711
2703 1727
2703 1747
2703 1749
2703 1751
2703 1753
2703 1756
2703 1787
2703 1799
2703 1807
2703 1842
2703 1843
2703 1865
2703 1869
2703 1886
2703 1891
2703 1896
2703 1900
2703 1925
2703 1929
2703 1962
2703 2000
2703 2013
2703 2033
2703 2042
2703 2074
2703 2082
2703 2101
2703 2104
2703 2110
2703 2112
2703 2121
2703 2123
2703 2137
2703 2138
2703 2144
2703 2162
2703 2175
2703 2179
2703 2191
2703 2219
2703 2228
2703 2240
2703 2253
2703 2261
2703 2267
2703 2285
2703 2297
2703 2298
2703 2303
2703 2323
2703 2346
2703 2368
2703 2379
2703 2391
2703 2421
2703 2430
2703 2438
2703 2440
2703 2446
2703 2449
2703 2451
2703 2463
2703 2470
2703 2483
2703 2498
2703 2561
2703 2567
2703 2588
2703 2591
2703 2614
2703 2649
2703 2686
2703 2713
2703 2718
2703 2727
2703 2733
2703 2750
2703 2754
2703 2759
2703 2765
2703 2781
2703 2789
2703 2817
2703 2823
2703 2869
2703 2870
2703 2895
2703 2934
2703 2942
2703 2951
2703 2958
2703 2991
2703 2993
2703 3007
2703 3010
2703 3011
2703 3021
2703 3024
2703 3025
2703 3049
2703 3066
2703 3112
2703 3127
2703 3150
2703 3157
2703 3162
2703 3186
2703 3205
2703 3229
2703 3236
2703 3239
2703 3250
2703 3264
2703 3277
2703 3291
2703 3301
2703 3310
2703 3318
2703 3320
2703 3341
2703 3350
2703 3396
2703 3398
2703 3405
2703 3427
2703 3437
2703 3444
2703 3451
2710 512
2710 908
2710 1412
2710 1840
2710 1987
2710 2619
2710 2692
2710 2965
2723 519
2723 570
2723 583
2723 903
2723 910
2723 1220
2723 1592
2723 1635
2723 1851
2723 1896
2723 2146
2723 2585
2723 2627
2723 2715
2723 2821
2723 3124
2746 173
2746 588
2746 594
2746 950
2746 1549
2746 1678
2746 1944
2746 2051
2746 2531
2746 3034
2746 3350
2746 3386
2767 29
2767 253
2767 1279
2767 1315
2767 1328
2767 1396
2767 1532
2767 2027
2767 2667
2767 3276
2802 56
2802 119
2802 1667
2802 1729
2802 2113
2805 1002
2819 512
2819 573
2819 1987
2819 2668
2819 2692
2830 506
2830 2246
2840 549
2840 2392
2840 2630
2843 26
2843 94
2843 163
2843 263
2843 413
2843 558
2843 566
2843 625
2843 677
2843 695
2843 714
2843 761
2843 820
2843 842
2843 983
2843 988
2843 992
2843 1013
2843 1046
2843 1074
2843 1111
2843 1174
2843 1313
2843 1373
2843 1391
2843 1429
2843 1462
2843 1595
2843 1843
2843 1866
2843 1905
2843 2065
2843 2151
2843 2183
2843 2185
2843 2334
2843 2551
2843 2669
2843 2944
2843 2975
2843 3086
2843 3100
2843 3148
2843 3312
2843 3363
2843 3392
2850 1646
2850 2140
2850 2283
2850 3154
2854 1345
2877 46
2877 167
2877 195
2877 249
2877 309
2877 407
2877 421
2877 447
2877 491
2877 559
2877 579
2877 646
2877 719
2877 796
2877 799
2877 804
2877 840
2877 873
2877 894
2877 962
2877 1003
2877 1031
2877 1089
2877 1113
2877 1159
2877 1169
2877 1189
2877 1192
2877 1204
2877 1214
2877 1321
2877 1424
2877 1499
2877 1526
2877 1578
2877 1665
2877 1716
2877 1778
2877 1781
2877 1788
2877 1794
2877 1847
2877 1867
2877 1887
2877 1963
2877 1988
2877 2015
2877 2105
2877 2150
2877 2179
2877 2204
2877 2382
2877 2466
2877 2477
2877 2480
2877 2510
2877 2534
2877 2689
2877 2715
2877 2803
2877 2807
2877 2860
2877 2926
2877 2948
2877 3069
2877 3095
2877 3098
2877 3118
2877 3171
2877 3451
2884 85
2884 115
2884 450
2884 452
2884 580
2884 925
2884 990
2884 1065
2884 1155
2884 1280
2884 1541
2884 1703
2884 1778
2884 1793
2884 1947
2884 2132
2884 2250
2884 2328
2884 2337
2884 2342
2884 2589
2884 2619
2884 2622
2884 2916
2884 3021
2884 3171
2884 3230
2884 3414
2884 3421
2908 891
2908 1002
2913 96
2913 98
2913 102
2913 148
2913 331
2913 391
2913 432
2913 437
2913 470
2913 562
2913 738
2913 871
2913 968
2913 1101
2913 1123
2913 1273
2913 1305
2913 1320
2913 1334
2913 1357
2913 1489
2913 1517
2913 1547
2913 1597
2913 1671
2913 1743
2913 1901
2913 1902
2913 1909
2913 2101
2913 2280
2913 2293
2913 2343
2913 2373
2913 2401
2913 2560
2913 2570
2913 2628
2913 2645
2913 2712
2913 2792
2913 3120
2913 3162
2913 3361
2926 42
2926 185
2926 187
2926 206
2926 270
2926 274
2926 317
2926 324
2926 368
2926 385
2926 439
2926 457
2926 460
2926 466
2926 468
2926 492
2926 501
2926 518
2926 549
2926 552
2926 594
2926 616
2926 620
2926 645
2926 648
2926 650
2926 687
2926 732
2926 763
2926 788
2926 869
2926 892
2926 900
2926 919
2926 920
2926 967
2926 968
2926 991
2926 1001
2926 1039
2926 1045
2926 1086
2926 1104
2926 1114
2926 1195
2926 1201
2926 1260
2926 1280
2926 1308
2926 1328
2926 1329
2926 1342
2926 1345
2926 1397
2926 1416
2926 1475
2926 1479
2926 1490
2926 1514
2926 1517
2926 1518
2926 1599
2926 1636
2926 1654
2926 1738
2926 1772
2926 1806
2926 1821
2926 1901
2926 1921
2926 1938
2926 2051
2926 2066
2926 2085
2926 2089
2926 2112
2926 2178
2926 2207
2926 2261
2926 2265
2926 2281
2926 2299
2926 2305
2926 2369
2926 2377
2926 2474
2926 2498
2926 2499
2926 2522
2926 2523
2926 2702
2926 2708
2926 2739
2926 2761
2926 2938
2926 3077
2926 3094
2926 3122
2926 3202
2926 3244
2926 3328
2926 3350
2926 3356
2926 3439
2929 657
2929 706
2929 1711
2929 2119
2929 2196
2929 2568
2929 2580
2929 2602
2929 2850
2929 2857
2929 3147
2929 3154
2939 212
2939 459
2939 462
2939 622
2939 742
2939 784
2939 869
2939 1028
2939 1103
2939 1516
2939 2018
2939 2096
2939 2155
2939 2559
2939 2585
2939 2834
2939 2964
2939 3160
2939 3184
2939 3323
2947 3
2947 12
2947 41
2947 67
2947 80
2947 97
2947 126
2947 141
2947 159
2947 162
2947 169
2947 174
2947 175
2947 181
2947 194
2947 203
2947 204
2947 258
2947 259
2947 279
2947 290
2947 298
2947 299
2947 308
2947 309
2947 314
2947 332
2947 363
2947 365
2947 381
2947 387
2947 392
2947 401
2947 444
2947 482
2947 484
2947 491
2947 508
2947 518
2947 548
2947 565
2947 593
2947 617
2947 632
2947 636
2947 656
2947 676
2947 680
2947 690
2947 769
2947 774
2947 795
2947 799
2947 828
2947 837
2947 856
2947 867
2947 870
2947 877
2947 879
2947 944
2947 951
2947 962
2947 965
2947 973
2947 1006
2947 1039
2947 1069
2947 1085
2947 1093
2947 1098
2947 1105
2947 1133
2947 1142
2947 1152
2947 1155
2947 1198
2947 1226
2947 1255
2947 1262
2947 1264
2947 1265
2947 1268
2947 1276
2947 1291
2947 1301
2947 1327
2947 1338
2947 1343
2947 1347
2947 1361
2947 1374
2947 1450
2947 1454
2947 1457
2947 1470
2947 1481
2947 1490
2947 1533
2947 1549
2947 1551
2947 1564
2947 1570
2947 1583
2947 1594
2947 1619
2947 1666
2947 1668
2947 1676
2947 1677
2947 1691
2947 1736
2947 1753
2947 1756
2947 1760
2947 1763
2947 1768
2947 1779
2947 1783
2947 1786
2947 1801
2947 1806
2947 1816
2947 1824
2947 1838
2947 1839
2947 1869
2947 1875
2947 1882
2947 1891
2947 1900
2947 1909
2947 1945
2947 1950
2947 1962
2947 1971
2947 1988
2947 2001
2947 2015
2947 2020
2947 2024
2947 2033
2947 2056
2947 2074
2947 2080
2947 2081
2947 2087
2947 2104
2947 2143
2947 2145
2947 2153
2947 2160
2947 2185
2947 2191
2947 2199
2947 2200
2947 2205
2947 2261
2947 2262
2947 2285
2947 2342
2947 2344
2947 2346
2947 2350
2947 2376
2947 2406
2947 2407
2947 2411
2947 2417
2947 2418
2947 2447
2947 2487
2947 2491
2947 2498
2947 2500
2947 2515
2947 2532
2947 2577
2947 2589
2947 2592
2947 2603
2947 2617
2947 2621
2947 2623
2947 2649
2947 2663
2947 2666
2947 2671
2947 2698
2947 2720
2947 2750
2947 2752
2947 2768
2947 2794
2947 2832
2947 2837
2947 2875
2947 2881
2947 2883
2947 2922
2947 2933
2947 2941
2947 2942
2947 2971
2947 2995
2947 3025
2947 3038
2947 3039
2947 3042
2947 3046
2947 3048
2947 3049
2947 3052
2947 3075
2947 3092
2947 3099
2947 3112
2947 3117
2947 3127
2947 3186
2947 3226
2947 3235
2947 3237
2947 3238
2947 3246
2947 3256
2947 3262
2947 3264
2947 3270
2947 3290
2947 3306
2947 3314
2947 3318
2947 3320
2947 3325
2947 3326
2947 3330
2947 3340
2947 3351
2947 3357
2947 3358
2947 3373
2947 3403
2947 3428
2947 3431
2947 3434
2962 316
2962 1376
2962 1541
2962 1649
2962 1929
2962 1957
2962 2069
2962 2287
2962 2297
2962 3088
2962 3106
2962 3343
2962 3393
2977 85
2977 223
2977 391
2977 638
2977 849
2977 858
2977 923
2977 1070
2977 1148
2977 1163
2977 1170
2977 1314
2977 1347
2977 1374
2977 1427
2977 1483
2977 1583
2977 1708
2977 1805
2977 1995
2977 2087
2977 2250
2977 2267
2977 2567
2977 2768
2977 2985
2977 3361
2979 1002
2979 1376
2984 50
2984 56
2984 205
2984 289
2984 326
2984 385
2984 437
2984 475
2984 892
2984 961
2984 1069
2984 1082
2984 1182
2984 1401
2984 1665
2984 1743
2984 1796
2984 1826
2984 2246
2984 2395
2984 2506
2984 2656
2984 2739
2984 2762
2984 2780
2984 3054
2984 3165
2984 3172
2984 3209
2984 3375
2986 742
2986 1084
2986 1109
2986 1201
2986 1397
2986 1514
2986 2185
2986 2299
2986 2906
2986 3121
2986 3214
2986 3233
2996 128
2996 387
2996 402
2996 557
2996 806
2996 1586
2996 1799
2996 2002
2996 2093
2996 2104
2996 2184
2996 2222
2996 2503
2996 2823
2996 3081
2996 3127
2996 3318
2996 3389
2996 3402
2996 3427
2998 777
2998 1434
2998 1622
2998 1753
2998 3394
3004 62
3004 94
3004 1251
3004 1582
3004 2051
3004 2529
3004 2568
3004 2630
3010 1304
3017 18
3017 1376
3021 17
3021 892
3021 1084
3021 1109
3021 1506
3021 1665
3021 2185
3021 2420
3021 2455
3021 3044
3021 3051
3021 3214
3040 512
3040 539
3040 1987
3040 2558
3042 324
3042 1376
3042 2391
3042 2873
3042 2979
3042 3343
3043 143
3043 214
3043 510
3043 695
3043 891
3043 960
3043 983
3043 997
3043 1793
3043 1866
3043 1902
3043 2007
3043 2526
3043 2551
3043 3095
3050 4
3050 19
3050 38
3050 39
3050 46
3050 47
3050 51
3050 66
3050 69
3050 116
3050 117
3050 130
3050 134
3050 167
3050 168
3050 199
3050 228
3050 254
3050 262
3050 280
3050 309
3050 346
3050 386
3050 391
3050 428
3050 432
3050 459
3050 467
3050 491
3050 538
3050 634
3050 638
3050 723
3050 758
3050 770
3050 816
3050 840
3050 877
3050 894
3050 905
3050 907
3050 921
3050 923
3050 933
3050 935
3050 1022
3050 1026
3050 1048
3050 1080
3050 1092
3050 1099
3050 1110
3050 1154
3050 1192
3050 1204
3050 1239
3050 1273
3050 1298
3050 1320
3050 1349
3050 1381
3050 1407
3050 1410
3050 1419
3050 1430
3050 1449
3050 1476
3050 1502
3050 1517
3050 1551
3050 1575
3050 1615
3050 1624
3050 1658
3050 1665
3050 1671
3050 1718
3050 1738
3050 1781
3050 1782
3050 1849
3050 1865
3050 1885
3050 1919
3050 1950
3050 1953
3050 2021
3050 2096
3050 2154
3050 2157
3050 2195
3050 2198
3050 2200
3050 2219
3050 2242
3050 2252
3050 2262
3050 2270
3050 2289
3050 2292
3050 2372
3050 2378
3050 2447
3050 2460
3050 2513
3050 2522
3050 2530
3050 2637
3050 2667
3050 2672
3050 2693
3050 2754
3050 2757
3050 2790
3050 2803
3050 2810
3050 2811
3050 2815
3050 2816
3050 2850
3050 2860
3050 2877
3050 2896
3050 2949
3050 2954
3050 3045
3050 3085
3050 3095
3050 3115
3050 3147
3050 3177
3050 3183
3050 3201
3050 3213
3050 3258
3050 3294
3050 3317
3050 3321
3050 3326
3050 3330
3050 3361
3050 3364
3050 3379
3050 3420
3058 2529
3074 1230
3074 1562
3074 2464
3077 227
3077 287
3077 321
3077 382
3077 530
3077 665
3077 694
3077 804
3077 827
3077 856
3077 960
3077 985
3077 1169
3077 1376
3077 1463
3077 1738
3077 1778
3077 1831
3077 1927
3077 1934
3077 1970
3077 2037
3077 2187
3077 2311
3077 2382
3077 2439
3077 2449
3077 2626
3077 2699
3077 2729
3077 2819
3077 2820
3077 3171
3110 59
3110 103
3110 165
3110 191
3110 207
3110 279
3110 388
3110 391
3110 467
3110 512
3110 549
3110 675
3110 763
3110 772
3110 790
3110 874
3110 940
3110 1047
3110 1098
3110 1099
3110 1291
3110 1353
3110 1393
3110 1409
3110 1682
3110 1869
3110 1907
3110 1974
3110 1987
3110 1998
3110 2020
3110 2146
3110 2158
3110 2236
3110 2399
3110 2441
3110 2469
3110 2473
3110 2522
3110 2630
3110 2638
3110 2797
3110 2844
3110 2943
3110 2953
3110 3169
3110 3361
3110 3436
3110 3442
3116 111
3116 128
3116 329
3116 387
3116 402
3116 484
3116 590
3116 640
3116 655
3116 806
3116 863
3116 929
3116 980
3116 1073
3116 1145
3116 1343
3116 1369
3116 1389
3116 1484
3116 1531
3116 1586
3116 1668
3116 1681
3116 1723
3116 1799
3116 1813
3116 2033
3116 2104
3116 2120
3116 2184
3116 2193
3116 2222
3116 2285
3116 2350
3116 2375
3116 2421
3116 2503
3116 2526
3116 2614
3116 2727
3116 2814
3116 2823
3116 3074
3116 3081
3116 3112
3116 3127
3116 3134
3116 3216
3116 3265
3116 3318
3116 3389
3116 3402
3116 3427
3116 3443
3131 2529
3145 2053
3145 3069
3151 1327
3151 1702
3188 36
3188 249
3188 344
3188 387
3188 467
3188 549
3188 590
3188 639
3188 642
3188 655
3188 731
3188 775
3188 796
3188 856
3188 863
3188 872
3188 917
3188 1041
3188 1047
3188 1073
3188 1145
3188 1169
3188 1205
3188 1355
3188 1451
3188 1466
3188 1535
3188 1589
3188 1616
3188 1627
3188 1664
3188 1700
3188 1719
3188 1740
3188 1750
3188 1765
3188 1817
3188 1856
3188 1890
3188 1918
3188 1927
3188 1937
3188 1938
3188 1966
3188 2020
3188 2033
3188 2040
3188 2044
3188 2075
3188 2187
3188 2203
3188 2234
3188 2276
3188 2361
3188 2381
3188 2392
3188 2410
3188 2414
3188 2441
3188 2473
3188 2522
3188 2529
3188 2568
3188 2598
3188 2614
3188 2642
3188 2668
3188 2673
3188 2697
3188 2704
3188 2754
3188 2797
3188 2823
3188 2852
3188 2894
3188 2905
3188 2953
3188 3073
3188 3130
3188 3137
3188 3166
3188 3299
3188 3330
3188 3347
3188 3352
3196 512
3196 1987
3223 102
3223 164
3223 447
3223 562
3223 714
3223 780
3223 889
3223 892
3223 911
3223 1103
3223 1132
3223 1174
3223 1300
3223 1494
3223 1515
3223 1526
3223 1553
3223 1665
3223 1715
3223 1745
3223 1917
3223 1929
3223 2158
3223 2204
3223 2297
3223 2302
3223 2319
3223 2475
3223 2512
3223 2516
3223 2526
3223 3105
3223 3142
3223 3191
3223 3241
3223 3248
3228 7
3228 49
3228 387
3228 417
3228 445
3228 447
3228 530
3228 572
3228 699
3228 782
3228 850
3228 862
3228 863
3228 988
3228 1313
3228 1554
3228 1600
3228 1734
3228 1813
3228 2192
3228 2204
3228 2273
3228 2380
3228 2717
3228 2738
3228 2741
3228 2766
3228 3023
3228 3074
3228 3095
3228 3273
3228 3410
3238 138
3238 229
3238 689
3238 706
3238 731
3238 741
3238 948
3238 964
3238 1043
3238 1047
3238 1130
3238 1138
3238 1154
3238 1177
3238 1321
3238 1345
3238 1407
3238 1615
3238 1638
3238 1646
3238 1657
3238 2065
3238 2114
3238 2119
3238 2140
3238 2432
3238 2568
3238 2602
3238 3147
3238 3154
3238 3271
3248 549
3248 2441
3248 2673
3268 45
3268 148
3268 254
3268 276
3268 437
3268 688
3268 968
3268 1236
3268 1277
3268 1577
3268 1582
3268 1597
3268 1727
3268 1743
3268 1909
3268 2209
3268 2330
3268 2401
3268 2511
3268 2645
3268 2677
3268 2981
3268 3017
3268 3065
3268 3092
3268 3120
3268 3380
3282 1815
3282 2630
3334 53
3334 185
3334 344
3334 465
3334 472
3334 734
3334 813
3334 830
3334 892
3334 912
3334 959
3334 979
3334 1005
3334 1117
3334 1149
3334 1496
3334 1503
3334 1524
3334 1665
3334 1694
3334 1731
3334 1749
3334 1884
3334 1984
3334 1990
3334 2326
3334 2803
3334 2880
3334 2965
3334 2981
3334 3182
3334 3186
3334 3240
3334 3341
3334 3344
3366 437
3366 704
3366 1743
3366 1901
3366 3335
3369 2193
3383 512
3383 1253
3383 1542
3383 1987
3383 2630
3390 291
3390 1978
3390 3003
3390 3105
3399 12
3399 36
3399 45
3399 60
3399 94
3399 110
3399 141
3399 156
3399 160
3399 228
3399 250
3399 270
3399 288
3399 304
3399 307
3399 325
3399 326
3399 329
3399 330
3399 348
3399 350
3399 351
3399 352
3399 378
3399 402
3399 405
3399 420
3399 426
3399 439
3399 446
3399 488
3399 501
3399 538
3399 552
3399 564
3399 614
3399 636
3399 640
3399 647
3399 652
3399 666
3399 691
3399 708
3399 715
3399 718
3399 727
3399 729
3399 735
3399 745
3399 757
3399 797
3399 810
3399 823
3399 824
3399 825
3399 875
3399 877
3399 889
3399 901
3399 908
3399 924
3399 929
3399 950
3399 953
3399 956
3399 958
3399 980
3399 998
3399 1011
3399 1032
3399 1064
3399 1065
3399 1095
3399 1120
3399 1121
3399 1140
3399 1144
3399 1163
3399 1165
3399 1195
3399 1215
3399 1244
3399 1245
3399 1255
3399 1287
3399 1311
3399 1342
3399 1350
3399 1351
3399 1359
3399 1364
3399 1369
3399 1399
3399 1410
3399 1418
3399 1422
3399 1448
3399 1450
3399 1463
3399 1548
3399 1565
3399 1569
3399 1576
3399 1612
3399 1637
3399 1638
3399 1639
3399 1640
3399 1642
3399 1655
3399 1692
3399 1720
3399 1775
3399 1778
3399 1813
3399 1814
3399 1818
3399 1840
3399 1873
3399 1895
3399 1915
3399 1929
3399 1932
3399 1943
3399 1966
3399 2011
3399 2026
3399 2028
3399 2033
3399 2038
3399 2050
3399 2097
3399 2098
3399 2102
3399 2112
3399 2120
3399 2125
3399 2126
3399 2129
3399 2132
3399 2177
3399 2178
3399 2181
3399 2208
3399 2247
3399 2257
3399 2263
3399 2274
3399 2279
3399 2282
3399 2297
3399 2301
3399 2311
3399 2328
3399 2338
3399 2354
3399 2386
3399 2396
3399 2397
3399 2400
3399 2404
3399 2417
3399 2418
3399 2421
3399 2429
3399 2441
3399 2442
3399 2449
3399 2474
3399 2482
3399 2522
3399 2536
3399 2549
3399 2562
3399 2569
3399 2575
3399 2578
3399 2596
3399 2599
3399 2619
3399 2634
3399 2660
3399 2695
3399 2701
3399 2737
3399 2744
3399 2757
3399 2776
3399 2798
3399 2810
3399 2817
3399 2822
3399 2823
3399 2847
3399 2856
3399 2886
3399 2900
3399 2949
3399 2955
3399 2961
3399 2972
3399 2973
3399 3004
3399 3007
3399 3043
3399 3074
3399 3083
3399 3098
3399 3104
3399 3115
3399 3122
3399 3127
3399 3128
3399 3130
3399 3142
3399 3171
3399 3172
3399 3188
3399 3198
3399 3204
3399 3208
3399 3215
3399 3249
3399 3254
3399 3259
3399 3264
3399 3265
3399 3271
3399 3298
3399 3326
3399 3329
3399 3355
3399 3374
3399 3386
3399 3405
3399 3425
3399 3426
3399 3429
3399 3438
3399 3443
3399 3447
3399 3450
3399 3454
3399 3457
3415 23
3415 25
3415 26
3415 69
3415 95
3415 123
3415 145
3415 147
3415 151
3415 153
3415 158
3415 161
3415 182
3415 207
3415 219
3415 228
3415 230
3415 235
3415 238
3415 252
3415 260
3415 270
3415 271
3415 274
3415 285
3415 298
3415 302
3415 327
3415 328
3415 345
3415 348
3415 354
3415 364
3415 369
3415 389
3415 394
3415 404
3415 421
3415 448
3415 451
3415 469
3415 473
3415 479
3415 481
3415 495
3415 500
3415 511
3415 527
3415 532
3415 541
3415 547
3415 553
3415 570
3415 571
3415 572
3415 581
3415 588
3415 607
3415 648
3415 668
3415 673
3415 690
3415 710
3415 717
3415 722
3415 728
3415 739
3415 741
3415 753
3415 755
3415 760
3415 768
3415 780
3415 781
3415 782
3415 802
3415 805
3415 812
3415 835
3415 845
3415 864
3415 881
3415 886
3415 908
3415 910
3415 917
3415 927
3415 931
3415 934
3415 939
3415 941
3415 954
3415 974
3415 979
3415 981
3415 989
3415 1008
3415 1009
3415 1010
3415 1032
3415 1055
3415 1062
3415 1064
3415 1067
3415 1077
3415 1096
3415 1112
3415 1115
3415 1119
3415 1122
3415 1186
3415 1188
3415 1206
3415 1208
3415 1219
3415 1220
3415 1228
3415 1235
3415 1289
3415 1302
3415 1309
3415 1318
3415 1323
3415 1327
3415 1332
3415 1362
3415 1372
3415 1385
3415 1398
3415 1405
3415 1433
3415 1461
3415 1478
3415 1509
3415 1534
3415 1556
3415 1559
3415 1581
3415 1604
3415 1613
3415 1631
3415 1632
3415 1635
3415 1640
3415 1648
3415 1651
3415 1654
3415 1670
3415 1672
3415 1674
3415 1693
3415 1701
3415 1722
3415 1754
3415 1759
3415 1821
3415 1825
3415 1830
3415 1840
3415 1855
3415 1857
3415 1858
3415 1888
3415 1898
3415 1935
3415 1941
3415 1949
3415 1955
3415 1983
3415 1984
3415 1991
3415 2004
3415 2009
3415 2036
3415 2045
3415 2085
3415 2094
3415 2122
3415 2133
3415 2175
3415 2206
3415 2210
3415 2211
3415 2217
3415 2218
3415 2221
3415 2239
3415 2264
3415 2281
3415 2324
3415 2329
3415 2335
3415 2339
3415 2340
3415 2359
3415 2363
3415 2369
3415 2370
3415 2405
3415 2430
3415 2434
3415 2441
3415 2452
3415 2454
3415 2458
3415 2496
3415 2501
3415 2508
3415 2516
3415 2527
3415 2528
3415 2536
3415 2539
3415 2555
3415 2558
3415 2572
3415 2586
3415 2595
3415 2600
3415 2606
3415 2628
3415 2674
3415 2676
3415 2681
3415 2709
3415 2734
3415 2735
3415 2740
3415 2762
3415 2772
3415 2774
3415 2777
3415 2822
3415 2830
3415 2891
3415 2911
3415 2913
3415 2919
3415 2926
3415 2927
3415 2928
3415 2932
3415 2948
3415 2967
3415 2968
3415 2969
3415 3012
3415 3014
3415 3079
3415 3111
3415 3123
3415 3138
3415 3140
3415 3146
3415 3156
3415 3161
3415 3194
3415 3196
3415 3197
3415 3211
3415 3224
3415 3226
3415 3230
3415 3232
3415 3239
3415 3243
3415 3267
3415 3272
3415 3285
3415 3291
3415 3300
3415 3307
3415 3354
3415 3359
3415 3377
3415 3391
3415 3403
3415 3421
3415 3424
3415 3425
3415 3435
3415 3439
3415 3443
3415 3456
3415 3457
3432 606
3432 1824
3432 1892
3432 2685
3432 3234
3445 35
3445 45
3445 148
3445 254
3445 276
3445 299
3445 315
3445 377
3445 437
3445 501
3445 663
3445 688
3445 862
3445 871
3445 968
3445 1079
3445 1154
3445 1236
3445 1237
3445 1277
3445 1577
3445 1582
3445 1597
3445 1659
3445 1727
3445 1743
3445 1909
3445 1910
3445 1972
3445 2209
3445 2382
3445 2645
3445 2677
3445 3065
3445 3092
3445 3120
3445 3158
3445 3162
3445 3187
3445 3268
3445 3363
3445 3380
3445 3407
3453 75
3453 188
3453 214
3453 399
3453 693
3453 794
3453 851
3453 905
3453 1074
3453 1365
3453 1373
3453 1410
3453 1805
3453 1873
3453 1878
3453 2023
3453 2086
3453 2270
3453 2305
3453 2386
3453 2529
3453 2690
3453 2695
3453 2705
3453 2860
3453 2892
3453 2934
3453 3019
