*Vertices 423
*Arcs
1 378
3 2
4 2
4 410
5 379
6 380
7 14
7 164
8 9
8 68
9 68
10 9
10 68
11 9
11 68
12 9
12 68
13 145
13 164
13 194
13 393
14 164
14 410
15 164
16 164
16 168
17 164
17 168
18 68
18 164
18 414
18 422
19 164
19 392
20 68
20 164
20 168
20 194
20 408
21 164
22 164
22 237
22 336
22 413
23 164
23 194
23 397
24 68
24 164
24 168
24 398
25 68
25 164
26 164
26 168
26 393
27 164
28 164
29 164
29 168
29 194
29 408
30 68
30 164
30 168
30 375
31 80
31 164
31 194
31 237
31 336
31 413
32 37
33 37
34 37
35 37
36 37
38 37
38 194
39 381
40 41
42 329
43 329
44 15
45 382
46 382
47 383
48 65
48 68
48 194
49 65
49 68
50 384
51 129
51 384
52 410
53 52
54 52
55 52
55 317
56 52
56 317
57 52
57 155
58 52
59 52
59 317
60 52
60 155
61 52
61 317
62 68
62 145
62 168
62 410
63 68
63 375
63 410
64 68
64 168
65 68
65 126
65 168
65 408
66 68
66 80
67 68
69 68
70 68
71 68
71 168
71 408
71 422
72 68
72 386
72 387
73 68
73 136
74 68
74 389
75 68
76 68
76 196
76 392
77 68
77 126
77 196
78 68
78 79
79 68
80 68
81 68
81 394
81 413
82 68
82 394
83 68
84 68
85 68
85 414
86 68
86 398
87 68
87 398
88 68
88 398
89 68
89 399
90 68
90 399
91 68
92 68
92 402
93 68
93 97
94 68
95 68
95 97
96 68
96 97
97 68
97 405
98 68
98 94
99 68
99 103
99 405
100 68
100 101
101 68
102 68
102 82
103 68
104 68
104 103
105 68
105 386
105 387
106 68
107 68
107 386
108 68
108 375
108 410
109 68
109 393
109 405
110 68
110 290
111 68
111 290
112 68
112 317
112 386
112 388
113 68
114 68
115 68
115 168
115 194
115 233
115 415
116 68
117 68
117 386
117 387
118 68
119 68
119 386
120 68
120 417
121 68
122 68
122 420
123 124
123 196
124 196
125 385
126 385
128 127
130 129
131 129
132 129
133 129
134 386
135 375
135 388
138 194
138 196
138 227
138 390
138 391
139 194
139 196
139 227
139 390
141 140
142 140
143 140
144 392
145 392
146 392
147 148
148 80
149 330
149 414
150 194
150 330
150 414
151 168
151 194
151 330
152 77
153 77
153 155
154 77
154 155
155 77
155 126
156 77
156 155
157 77
157 155
158 77
158 155
159 155
160 155
161 155
162 155
163 155
164 168
165 168
166 168
166 408
167 168
167 408
169 168
169 408
169 422
170 168
170 194
170 408
171 168
171 194
171 408
172 168
173 168
173 408
174 375
174 393
174 408
174 410
175 393
176 393
177 393
178 80
179 80
180 80
181 80
182 80
183 80
184 395
186 185
186 227
186 282
186 396
187 85
187 194
187 414
188 85
188 414
189 399
190 191
192 194
192 265
192 410
193 194
195 194
196 194
197 194
198 194
198 411
198 414
200 126
200 409
200 410
201 126
201 227
201 410
202 126
203 126
203 227
204 400
204 414
206 207
208 401
209 403
211 210
212 210
213 210
214 210
215 210
216 210
217 210
218 210
219 210
220 210
221 210
222 227
223 227
224 227
225 227
226 227
228 227
229 227
230 227
231 227
232 233
234 97
235 97
236 237
236 336
237 413
238 237
238 336
238 413
239 237
239 336
239 413
240 243
240 244
241 243
242 243
244 243
245 244
245 282
246 244
247 404
248 405
250 406
252 188
253 188
254 407
255 407
256 103
257 408
258 338
258 408
259 288
259 410
260 265
260 410
261 410
262 410
263 265
264 265
266 375
267 269
268 269
270 269
271 269
272 282
273 282
274 282
275 282
276 282
277 282
278 282
279 282
280 282
281 282
283 282
284 282
285 282
286 282
287 412
289 288
291 413
292 413
293 413
294 413
295 413
296 413
297 298
299 317
300 317
301 317
302 317
303 317
304 317
305 317
306 317
307 317
308 317
309 317
310 317
311 317
312 317
313 317
314 317
315 317
316 317
318 317
319 112
320 112
321 112
322 112
323 112
324 112
325 112
326 112
327 112
328 112
329 414
330 414
331 414
332 414
333 414
334 333
336 335
337 336
339 416
340 344
341 344
341 350
342 344
342 350
343 344
345 350
346 350
347 350
348 350
349 350
351 143
351 418
352 419
353 354
355 375
356 375
357 375
358 375
359 375
360 375
361 375
362 375
363 375
364 375
365 375
366 375
367 375
368 375
369 375
370 375
371 375
372 375
373 375
374 375
376 421
377 423
